# Game Level Exporter v1.0
LIGHT
Light
<Matrix 4x4 (-0.2909, -0.0552,  0.9552, 0.0000)
            (-0.7711,  0.6045, -0.1999, 0.0000)
            (-0.5664, -0.7947, -0.2184, 0.0000)
            ( 3.1111,  5.9039,  1.0055, 1.0000)>
CAMERA
Camera
<Matrix 4x4 ( 0.6859,  0.0000,  0.7277, 0.0000)
            (-0.3240,  0.8954,  0.3054, 0.0000)
            (-0.6516, -0.4453,  0.6142, 0.0000)
            ( 6.3937,  4.9583, -6.9258, 1.0000)>
MESH
Column_3
<Matrix 4x4 (1.0000, 0.0000,  0.0000, 0.0000)
            (0.0000, 1.0000, -0.0000, 0.0000)
            (0.0000, 0.0000,  1.0000, 0.0000)
            (2.0548, 0.9399, 10.2136, 1.0000)>
MESH
FloorTile_Side
<Matrix 4x4 ( 1.0000, 0.0000,  0.0000, 0.0000)
            ( 0.0000, 1.0000, -0.0000, 0.0000)
            ( 0.0000, 0.0000,  1.0000, 0.0000)
            (-2.0000, 0.0000,  0.0000, 1.0000)>
MESH
FloorTile_Side.001
<Matrix 4x4 ( 1.0000, 0.0000,  0.0000, 0.0000)
            ( 0.0000, 1.0000, -0.0000, 0.0000)
            ( 0.0000, 0.0000,  1.0000, 0.0000)
            (-2.0000, 0.0000,  2.0000, 1.0000)>
MESH
FloorTile_Side.002
<Matrix 4x4 ( 1.0000, 0.0000,  0.0000, 0.0000)
            ( 0.0000, 1.0000, -0.0000, 0.0000)
            ( 0.0000, 0.0000,  1.0000, 0.0000)
            (-2.0000, 0.0000, -2.0000, 1.0000)>
MESH
FloorTile_Basic2
<Matrix 4x4 (1.0000, 0.0000,  0.0000, 0.0000)
            (0.0000, 1.0000, -0.0000, 0.0000)
            (0.0000, 0.0000,  1.0000, 0.0000)
            (0.0000, 0.0000,  0.0000, 1.0000)>
MESH
FloorTile_Basic2.001
<Matrix 4x4 (1.0000, 0.0000,  0.0000, 0.0000)
            (0.0000, 1.0000, -0.0000, 0.0000)
            (0.0000, 0.0000,  1.0000, 0.0000)
            (0.0000, 0.0000,  2.0000, 1.0000)>
MESH
FloorTile_Basic2.002
<Matrix 4x4 (1.0000, 0.0000,  0.0000, 0.0000)
            (0.0000, 1.0000, -0.0000, 0.0000)
            (0.0000, 0.0000,  1.0000, 0.0000)
            (0.0000, 0.0000, -2.0000, 1.0000)>
MESH
FloorTile_Side.005
<Matrix 4x4 (-1.0000, 0.0000, -0.0000, 0.0000)
            (-0.0000, 1.0000,  0.0000, 0.0000)
            ( 0.0000, 0.0000, -1.0000, 0.0000)
            ( 2.0000, 0.0000,  0.0000, 1.0000)>
MESH
FloorTile_Side.004
<Matrix 4x4 (-1.0000, 0.0000, -0.0000, 0.0000)
            (-0.0000, 1.0000,  0.0000, 0.0000)
            ( 0.0000, 0.0000, -1.0000, 0.0000)
            ( 2.0000, 0.0000, -2.0000, 1.0000)>
MESH
FloorTile_Side.003
<Matrix 4x4 (-1.0000, 0.0000, -0.0000, 0.0000)
            (-0.0000, 1.0000,  0.0000, 0.0000)
            ( 0.0000, 0.0000, -1.0000, 0.0000)
            ( 2.0000, 0.0000,  2.0000, 1.0000)>
MESH
ThreeWindows_Wall_SideB
<Matrix 4x4 ( 0.0000, 0.0000,  1.0000, 0.0000)
            ( 0.0000, 1.0000, -0.0000, 0.0000)
            (-1.0000, 0.0000,  0.0000, 0.0000)
            (-1.7033, 0.0000,  0.0000, 1.0000)>
MESH
ThreeWindows_Wall_SideB.001
<Matrix 4x4 ( 0.0000, 0.0000,  1.0000, 0.0000)
            ( 0.0000, 1.0000, -0.0000, 0.0000)
            (-1.0000, 0.0000,  0.0000, 0.0000)
            (-1.7033, 0.0000,  4.0000, 1.0000)>
MESH
ThreeWindows_Wall_SideB.003
<Matrix 4x4 ( 0.0000, 0.0000,  1.0000, 0.0000)
            ( 0.0000, 1.0000, -0.0000, 0.0000)
            (-1.0000, 0.0000,  0.0000, 0.0000)
            (-1.7033, 0.0000, -8.0000, 1.0000)>
MESH
ThreeWindows_Wall_SideB.002
<Matrix 4x4 ( 0.0000, 0.0000,  1.0000, 0.0000)
            ( 0.0000, 1.0000, -0.0000, 0.0000)
            (-1.0000, 0.0000,  0.0000, 0.0000)
            (-1.7033, 0.0000, -4.0000, 1.0000)>
MESH
FloorTile_Basic2.005
<Matrix 4x4 (1.0000, 0.0000,  0.0000, 0.0000)
            (0.0000, 1.0000, -0.0000, 0.0000)
            (0.0000, 0.0000,  1.0000, 0.0000)
            (0.0000, 0.0000, -6.0000, 1.0000)>
MESH
FloorTile_Basic2.004
<Matrix 4x4 (1.0000, 0.0000,  0.0000, 0.0000)
            (0.0000, 1.0000, -0.0000, 0.0000)
            (0.0000, 0.0000,  1.0000, 0.0000)
            (0.0000, 0.0000, -4.0000, 1.0000)>
MESH
FloorTile_Basic2.003
<Matrix 4x4 (1.0000, 0.0000,  0.0000, 0.0000)
            (0.0000, 1.0000, -0.0000, 0.0000)
            (0.0000, 0.0000,  1.0000, 0.0000)
            (0.0000, 0.0000, -8.0000, 1.0000)>
MESH
FloorTile_Side.011
<Matrix 4x4 ( 1.0000, 0.0000,  0.0000, 0.0000)
            ( 0.0000, 1.0000, -0.0000, 0.0000)
            ( 0.0000, 0.0000,  1.0000, 0.0000)
            (-2.0000, 0.0000, -6.0000, 1.0000)>
MESH
FloorTile_Side.010
<Matrix 4x4 ( 1.0000, 0.0000,  0.0000, 0.0000)
            ( 0.0000, 1.0000, -0.0000, 0.0000)
            ( 0.0000, 0.0000,  1.0000, 0.0000)
            (-2.0000, 0.0000, -4.0000, 1.0000)>
MESH
FloorTile_Side.009
<Matrix 4x4 ( 1.0000, 0.0000,  0.0000, 0.0000)
            ( 0.0000, 1.0000, -0.0000, 0.0000)
            ( 0.0000, 0.0000,  1.0000, 0.0000)
            (-2.0000, 0.0000, -8.0000, 1.0000)>
MESH
FloorTile_Side.008
<Matrix 4x4 (-1.0000, 0.0000, -0.0000, 0.0000)
            (-0.0000, 1.0000,  0.0000, 0.0000)
            ( 0.0000, 0.0000, -1.0000, 0.0000)
            ( 2.0000, 0.0000, -4.0000, 1.0000)>
MESH
FloorTile_Side.007
<Matrix 4x4 (-1.0000, 0.0000, -0.0000, 0.0000)
            (-0.0000, 1.0000,  0.0000, 0.0000)
            ( 0.0000, 0.0000, -1.0000, 0.0000)
            ( 2.0000, 0.0000, -8.0000, 1.0000)>
MESH
FloorTile_Side.006
<Matrix 4x4 (-1.0000, 0.0000, -0.0000, 0.0000)
            (-0.0000, 1.0000,  0.0000, 0.0000)
            ( 0.0000, 0.0000, -1.0000, 0.0000)
            ( 2.0000, 0.0000, -6.0000, 1.0000)>
LIGHT
Light.001
<Matrix 4x4 (-0.2909, -0.0552,  0.9552, 0.0000)
            (-0.7711,  0.6045, -0.1999, 0.0000)
            (-0.5664, -0.7947, -0.2184, 0.0000)
            ( 3.1111,  5.9039, -4.9945, 1.0000)>
MESH
FloorTile_Basic2.008
<Matrix 4x4 (1.0000, 0.0000,  0.0000, 0.0000)
            (0.0000, 1.0000, -0.0000, 0.0000)
            (0.0000, 0.0000,  1.0000, 0.0000)
            (0.0000, 0.0000,  4.0000, 1.0000)>
MESH
FloorTile_Basic2.006
<Matrix 4x4 (1.0000, 0.0000,  0.0000, 0.0000)
            (0.0000, 1.0000, -0.0000, 0.0000)
            (0.0000, 0.0000,  1.0000, 0.0000)
            (0.0000, 0.0000,  6.0000, 1.0000)>
MESH
FloorTile_Side.017
<Matrix 4x4 (-1.0000, 0.0000, -0.0000, 0.0000)
            (-0.0000, 1.0000,  0.0000, 0.0000)
            ( 0.0000, 0.0000, -1.0000, 0.0000)
            ( 2.0000, 0.0000,  6.0000, 1.0000)>
MESH
FloorTile_Side.016
<Matrix 4x4 (-1.0000, 0.0000, -0.0000, 0.0000)
            (-0.0000, 1.0000,  0.0000, 0.0000)
            ( 0.0000, 0.0000, -1.0000, 0.0000)
            ( 2.0000, 0.0000,  4.0000, 1.0000)>
MESH
FloorTile_Side.014
<Matrix 4x4 ( 1.0000, 0.0000,  0.0000, 0.0000)
            ( 0.0000, 1.0000, -0.0000, 0.0000)
            ( 0.0000, 0.0000,  1.0000, 0.0000)
            (-2.0000, 0.0000,  4.0000, 1.0000)>
MESH
FloorTile_Side.012
<Matrix 4x4 ( 1.0000, 0.0000,  0.0000, 0.0000)
            ( 0.0000, 1.0000, -0.0000, 0.0000)
            ( 0.0000, 0.0000,  1.0000, 0.0000)
            (-2.0000, 0.0000,  6.0000, 1.0000)>
LIGHT
Light.003
<Matrix 4x4 ( 0.2909, -0.0552, -0.9552, 0.0000)
            ( 0.7711,  0.6045,  0.1999, 0.0000)
            ( 0.5664, -0.7947,  0.2184, 0.0000)
            (-3.0302,  5.9039, -5.0018, 1.0000)>
LIGHT
Light.002
<Matrix 4x4 ( 0.2909, -0.0552, -0.9552, 0.0000)
            ( 0.7711,  0.6045,  0.1999, 0.0000)
            ( 0.5664, -0.7947,  0.2184, 0.0000)
            (-3.0302,  5.9039,  0.9982, 1.0000)>
MESH
ThreeWindows_Wall_SideB.007
<Matrix 4x4 ( 0.0000, 0.0000, -1.0000, 0.0000)
            (-0.0000, 1.0000, -0.0000, 0.0000)
            ( 1.0000, 0.0000,  0.0000, 0.0000)
            ( 1.7756, 0.0000, -3.9964, 1.0000)>
MESH
ThreeWindows_Wall_SideB.006
<Matrix 4x4 ( 0.0000, 0.0000, -1.0000, 0.0000)
            (-0.0000, 1.0000, -0.0000, 0.0000)
            ( 1.0000, 0.0000,  0.0000, 0.0000)
            ( 1.7756, 0.0000, -7.9964, 1.0000)>
MESH
ThreeWindows_Wall_SideB.005
<Matrix 4x4 ( 0.0000, 0.0000, -1.0000, 0.0000)
            (-0.0000, 1.0000, -0.0000, 0.0000)
            ( 1.0000, 0.0000,  0.0000, 0.0000)
            ( 1.7756, 0.0000,  0.0036, 1.0000)>
MESH
ThreeWindows_Wall_SideB.004
<Matrix 4x4 ( 0.0000, 0.0000, -1.0000, 0.0000)
            (-0.0000, 1.0000, -0.0000, 0.0000)
            ( 1.0000, 0.0000,  0.0000, 0.0000)
            ( 1.7756, 0.0000,  4.0036, 1.0000)>
MESH
DoorSingle_Wall_SideA
<Matrix 4x4 (1.0000, 0.0000,  0.0000, 0.0000)
            (0.0000, 1.0000, -0.0000, 0.0000)
            (0.0000, 0.0000,  1.0000, 0.0000)
            (0.0478, 0.0000,  5.7991, 1.0000)>
MESH
Staircase
<Matrix 4x4 (1.0000, 0.0000,  0.0000, 0.0000)
            (0.0000, 1.0000, -0.0000, 0.0000)
            (0.0000, 0.0000,  1.0000, 0.0000)
            (0.0481, 1.0604, 10.0108, 1.0000)>
MESH
Wall_5
<Matrix 4x4 ( 0.0000, 0.0000, -1.0000, 0.0000)
            (-0.0000, 1.0000, -0.0000, 0.0000)
            ( 1.0000, 0.0000,  0.0000, 0.0000)
            ( 1.7869, 0.0000,  7.9985, 1.0000)>
MESH
Wall_5.001
<Matrix 4x4 ( 0.0000, 0.0000,  1.0000, 0.0000)
            ( 0.0000, 1.0000, -0.0000, 0.0000)
            (-1.0000, 0.0000,  0.0000, 0.0000)
            (-1.6812, 0.0000,  7.9985, 1.0000)>
MESH
FloorTile_Empty.001
<Matrix 4x4 ( 1.0000, 0.0000,  0.0000, 0.0000)
            ( 0.0000, 1.0000, -0.0000, 0.0000)
            ( 0.0000, 0.0000,  1.0000, 0.0000)
            (-0.9480, 1.0214, 11.0004, 1.0000)>
MESH
FloorTile_Empty.002
<Matrix 4x4 (1.0000, 0.0000,  0.0000, 0.0000)
            (0.0000, 1.0000, -0.0000, 0.0000)
            (0.0000, 0.0000,  1.0000, 0.0000)
            (1.0520, 1.0214, 11.0004, 1.0000)>
MESH
FloorTile_Empty.004
<Matrix 4x4 ( 1.0000, 0.0000,  0.0000, 0.0000)
            ( 0.0000, 1.0000, -0.0000, 0.0000)
            ( 0.0000, 0.0000,  1.0000, 0.0000)
            (-0.9480, 1.0214, 13.0004, 1.0000)>
MESH
FloorTile_Empty.003
<Matrix 4x4 (1.0000, 0.0000,  0.0000, 0.0000)
            (0.0000, 1.0000, -0.0000, 0.0000)
            (0.0000, 0.0000,  1.0000, 0.0000)
            (1.0520, 1.0214, 13.0004, 1.0000)>
MESH
FloorTile_Empty.008
<Matrix 4x4 ( 1.0000, 0.0000,  0.0000, 0.0000)
            ( 0.0000, 1.0000, -0.0000, 0.0000)
            ( 0.0000, 0.0000,  1.0000, 0.0000)
            (-4.9480, 1.0214, 11.0004, 1.0000)>
MESH
FloorTile_Empty.007
<Matrix 4x4 ( 1.0000, 0.0000,  0.0000, 0.0000)
            ( 0.0000, 1.0000, -0.0000, 0.0000)
            ( 0.0000, 0.0000,  1.0000, 0.0000)
            (-2.9480, 1.0214, 11.0004, 1.0000)>
MESH
FloorTile_Empty.006
<Matrix 4x4 ( 1.0000, 0.0000,  0.0000, 0.0000)
            ( 0.0000, 1.0000, -0.0000, 0.0000)
            ( 0.0000, 0.0000,  1.0000, 0.0000)
            (-2.9480, 1.0214, 13.0004, 1.0000)>
MESH
FloorTile_Empty.005
<Matrix 4x4 ( 1.0000, 0.0000,  0.0000, 0.0000)
            ( 0.0000, 1.0000, -0.0000, 0.0000)
            ( 0.0000, 0.0000,  1.0000, 0.0000)
            (-4.9480, 1.0214, 13.0004, 1.0000)>
MESH
FloorTile_Empty.012
<Matrix 4x4 (1.0000, 0.0000,  0.0000, 0.0000)
            (0.0000, 1.0000, -0.0000, 0.0000)
            (0.0000, 0.0000,  1.0000, 0.0000)
            (3.0520, 1.0214, 11.0004, 1.0000)>
MESH
FloorTile_Empty.011
<Matrix 4x4 (1.0000, 0.0000,  0.0000, 0.0000)
            (0.0000, 1.0000, -0.0000, 0.0000)
            (0.0000, 0.0000,  1.0000, 0.0000)
            (5.0520, 1.0214, 11.0004, 1.0000)>
MESH
FloorTile_Empty.010
<Matrix 4x4 (1.0000, 0.0000,  0.0000, 0.0000)
            (0.0000, 1.0000, -0.0000, 0.0000)
            (0.0000, 0.0000,  1.0000, 0.0000)
            (5.0520, 1.0214, 13.0004, 1.0000)>
MESH
FloorTile_Empty.009
<Matrix 4x4 (1.0000, 0.0000,  0.0000, 0.0000)
            (0.0000, 1.0000, -0.0000, 0.0000)
            (0.0000, 0.0000,  1.0000, 0.0000)
            (3.0520, 1.0214, 13.0004, 1.0000)>
MESH
FloorTile_Empty.024
<Matrix 4x4 ( 1.0000, 0.0000,  0.0000, 0.0000)
            ( 0.0000, 1.0000, -0.0000, 0.0000)
            ( 0.0000, 0.0000,  1.0000, 0.0000)
            (-0.9480, 1.0214, 15.0004, 1.0000)>
MESH
FloorTile_Empty.023
<Matrix 4x4 (1.0000, 0.0000,  0.0000, 0.0000)
            (0.0000, 1.0000, -0.0000, 0.0000)
            (0.0000, 0.0000,  1.0000, 0.0000)
            (1.0520, 1.0214, 15.0004, 1.0000)>
MESH
FloorTile_Empty.022
<Matrix 4x4 (1.0000, 0.0000,  0.0000, 0.0000)
            (0.0000, 1.0000, -0.0000, 0.0000)
            (0.0000, 0.0000,  1.0000, 0.0000)
            (1.0520, 1.0214, 17.0004, 1.0000)>
MESH
FloorTile_Empty.021
<Matrix 4x4 ( 1.0000, 0.0000,  0.0000, 0.0000)
            ( 0.0000, 1.0000, -0.0000, 0.0000)
            ( 0.0000, 0.0000,  1.0000, 0.0000)
            (-0.9480, 1.0214, 17.0004, 1.0000)>
MESH
FloorTile_Empty.020
<Matrix 4x4 ( 1.0000, 0.0000,  0.0000, 0.0000)
            ( 0.0000, 1.0000, -0.0000, 0.0000)
            ( 0.0000, 0.0000,  1.0000, 0.0000)
            (-4.9480, 1.0214, 17.0004, 1.0000)>
MESH
FloorTile_Empty.019
<Matrix 4x4 ( 1.0000, 0.0000,  0.0000, 0.0000)
            ( 0.0000, 1.0000, -0.0000, 0.0000)
            ( 0.0000, 0.0000,  1.0000, 0.0000)
            (-2.9480, 1.0214, 17.0004, 1.0000)>
MESH
FloorTile_Empty.018
<Matrix 4x4 ( 1.0000, 0.0000,  0.0000, 0.0000)
            ( 0.0000, 1.0000, -0.0000, 0.0000)
            ( 0.0000, 0.0000,  1.0000, 0.0000)
            (-2.9480, 1.0214, 15.0004, 1.0000)>
MESH
FloorTile_Empty.017
<Matrix 4x4 ( 1.0000, 0.0000,  0.0000, 0.0000)
            ( 0.0000, 1.0000, -0.0000, 0.0000)
            ( 0.0000, 0.0000,  1.0000, 0.0000)
            (-4.9480, 1.0214, 15.0004, 1.0000)>
MESH
FloorTile_Empty.016
<Matrix 4x4 (1.0000, 0.0000,  0.0000, 0.0000)
            (0.0000, 1.0000, -0.0000, 0.0000)
            (0.0000, 0.0000,  1.0000, 0.0000)
            (3.0520, 1.0214, 17.0004, 1.0000)>
MESH
FloorTile_Empty.015
<Matrix 4x4 (1.0000, 0.0000,  0.0000, 0.0000)
            (0.0000, 1.0000, -0.0000, 0.0000)
            (0.0000, 0.0000,  1.0000, 0.0000)
            (5.0520, 1.0214, 17.0004, 1.0000)>
MESH
FloorTile_Empty.014
<Matrix 4x4 (1.0000, 0.0000,  0.0000, 0.0000)
            (0.0000, 1.0000, -0.0000, 0.0000)
            (0.0000, 0.0000,  1.0000, 0.0000)
            (5.0520, 1.0214, 15.0004, 1.0000)>
MESH
FloorTile_Empty.013
<Matrix 4x4 (1.0000, 0.0000,  0.0000, 0.0000)
            (0.0000, 1.0000, -0.0000, 0.0000)
            (0.0000, 0.0000,  1.0000, 0.0000)
            (3.0520, 1.0214, 15.0004, 1.0000)>
MESH
DoorSingleLong_Wall_SideA
<Matrix 4x4 (-1.0000,  0.0000, -0.0000, 0.0000)
            (-0.0000,  1.0000,  0.0000, 0.0000)
            ( 0.0000,  0.0000, -1.0000, 0.0000)
            ( 0.0000, -0.4456, -9.8061, 1.0000)>
MESH
FloorTile_Basic2.015
<Matrix 4x4 (-1.0000, -0.0000,  0.0000, 0.0000)
            ( 0.0000, -1.0000, -0.0000, 0.0000)
            ( 0.0000, -0.0000,  1.0000, 0.0000)
            (-0.0000,  3.9765,  0.0000, 1.0000)>
MESH
FloorTile_Basic2.014
<Matrix 4x4 (-1.0000, -0.0000,  0.0000, 0.0000)
            ( 0.0000, -1.0000, -0.0000, 0.0000)
            ( 0.0000, -0.0000,  1.0000, 0.0000)
            (-0.0000,  3.9765,  2.0000, 1.0000)>
MESH
FloorTile_Basic2.013
<Matrix 4x4 (-1.0000, -0.0000,  0.0000, 0.0000)
            ( 0.0000, -1.0000, -0.0000, 0.0000)
            ( 0.0000, -0.0000,  1.0000, 0.0000)
            (-0.0000,  3.9765, -2.0000, 1.0000)>
MESH
FloorTile_Basic2.012
<Matrix 4x4 (-1.0000, -0.0000,  0.0000, 0.0000)
            ( 0.0000, -1.0000, -0.0000, 0.0000)
            ( 0.0000, -0.0000,  1.0000, 0.0000)
            (-0.0000,  3.9765, -8.0000, 1.0000)>
MESH
FloorTile_Basic2.011
<Matrix 4x4 (-1.0000, -0.0000,  0.0000, 0.0000)
            ( 0.0000, -1.0000, -0.0000, 0.0000)
            ( 0.0000, -0.0000,  1.0000, 0.0000)
            (-0.0000,  3.9765, -4.0000, 1.0000)>
MESH
FloorTile_Basic2.010
<Matrix 4x4 (-1.0000, -0.0000,  0.0000, 0.0000)
            ( 0.0000, -1.0000, -0.0000, 0.0000)
            ( 0.0000, -0.0000,  1.0000, 0.0000)
            (-0.0000,  3.9765, -6.0000, 1.0000)>
MESH
FloorTile_Basic2.009
<Matrix 4x4 (-1.0000, -0.0000,  0.0000, 0.0000)
            ( 0.0000, -1.0000, -0.0000, 0.0000)
            ( 0.0000, -0.0000,  1.0000, 0.0000)
            (-0.0000,  3.9765,  6.0000, 1.0000)>
MESH
FloorTile_Basic2.007
<Matrix 4x4 (-1.0000, -0.0000,  0.0000, 0.0000)
            ( 0.0000, -1.0000, -0.0000, 0.0000)
            ( 0.0000, -0.0000,  1.0000, 0.0000)
            (-0.0000,  3.9765,  4.0000, 1.0000)>
MESH
FloorTile_Side.031
<Matrix 4x4 (-1.0000, -0.0000,  0.0000, 0.0000)
            ( 0.0000, -1.0000, -0.0000, 0.0000)
            ( 0.0000, -0.0000,  1.0000, 0.0000)
            ( 2.0000,  3.9765,  0.0000, 1.0000)>
MESH
FloorTile_Side.030
<Matrix 4x4 (-1.0000, -0.0000,  0.0000, 0.0000)
            ( 0.0000, -1.0000, -0.0000, 0.0000)
            ( 0.0000, -0.0000,  1.0000, 0.0000)
            ( 2.0000,  3.9765,  2.0000, 1.0000)>
MESH
FloorTile_Side.029
<Matrix 4x4 (-1.0000, -0.0000,  0.0000, 0.0000)
            ( 0.0000, -1.0000, -0.0000, 0.0000)
            ( 0.0000, -0.0000,  1.0000, 0.0000)
            ( 2.0000,  3.9765, -2.0000, 1.0000)>
MESH
FloorTile_Side.028
<Matrix 4x4 ( 1.0000,  0.0000, -0.0000, 0.0000)
            ( 0.0000, -1.0000,  0.0000, 0.0000)
            (-0.0000, -0.0000, -1.0000, 0.0000)
            (-2.0000,  3.9765,  2.0000, 1.0000)>
MESH
FloorTile_Side.027
<Matrix 4x4 ( 1.0000,  0.0000, -0.0000, 0.0000)
            ( 0.0000, -1.0000,  0.0000, 0.0000)
            (-0.0000, -0.0000, -1.0000, 0.0000)
            (-2.0000,  3.9765, -2.0000, 1.0000)>
MESH
FloorTile_Side.026
<Matrix 4x4 ( 1.0000,  0.0000, -0.0000, 0.0000)
            ( 0.0000, -1.0000,  0.0000, 0.0000)
            (-0.0000, -0.0000, -1.0000, 0.0000)
            (-2.0000,  3.9765,  0.0000, 1.0000)>
MESH
FloorTile_Side.025
<Matrix 4x4 ( 1.0000,  0.0000, -0.0000, 0.0000)
            ( 0.0000, -1.0000,  0.0000, 0.0000)
            (-0.0000, -0.0000, -1.0000, 0.0000)
            (-2.0000,  3.9765, -6.0000, 1.0000)>
MESH
FloorTile_Side.024
<Matrix 4x4 ( 1.0000,  0.0000, -0.0000, 0.0000)
            ( 0.0000, -1.0000,  0.0000, 0.0000)
            (-0.0000, -0.0000, -1.0000, 0.0000)
            (-2.0000,  3.9765, -8.0000, 1.0000)>
MESH
FloorTile_Side.023
<Matrix 4x4 ( 1.0000,  0.0000, -0.0000, 0.0000)
            ( 0.0000, -1.0000,  0.0000, 0.0000)
            (-0.0000, -0.0000, -1.0000, 0.0000)
            (-2.0000,  3.9765, -4.0000, 1.0000)>
MESH
FloorTile_Side.022
<Matrix 4x4 (-1.0000, -0.0000,  0.0000, 0.0000)
            ( 0.0000, -1.0000, -0.0000, 0.0000)
            ( 0.0000, -0.0000,  1.0000, 0.0000)
            ( 2.0000,  3.9765, -8.0000, 1.0000)>
MESH
FloorTile_Side.021
<Matrix 4x4 (-1.0000, -0.0000,  0.0000, 0.0000)
            ( 0.0000, -1.0000, -0.0000, 0.0000)
            ( 0.0000, -0.0000,  1.0000, 0.0000)
            ( 2.0000,  3.9765, -4.0000, 1.0000)>
MESH
FloorTile_Side.020
<Matrix 4x4 (-1.0000, -0.0000,  0.0000, 0.0000)
            ( 0.0000, -1.0000, -0.0000, 0.0000)
            ( 0.0000, -0.0000,  1.0000, 0.0000)
            ( 2.0000,  3.9765, -6.0000, 1.0000)>
MESH
FloorTile_Side.019
<Matrix 4x4 (-1.0000, -0.0000,  0.0000, 0.0000)
            ( 0.0000, -1.0000, -0.0000, 0.0000)
            ( 0.0000, -0.0000,  1.0000, 0.0000)
            ( 2.0000,  3.9765,  6.0000, 1.0000)>
MESH
FloorTile_Side.018
<Matrix 4x4 (-1.0000, -0.0000,  0.0000, 0.0000)
            ( 0.0000, -1.0000, -0.0000, 0.0000)
            ( 0.0000, -0.0000,  1.0000, 0.0000)
            ( 2.0000,  3.9765,  4.0000, 1.0000)>
MESH
FloorTile_Side.015
<Matrix 4x4 ( 1.0000,  0.0000, -0.0000, 0.0000)
            ( 0.0000, -1.0000,  0.0000, 0.0000)
            (-0.0000, -0.0000, -1.0000, 0.0000)
            (-2.0000,  3.9765,  4.0000, 1.0000)>
MESH
FloorTile_Side.013
<Matrix 4x4 ( 1.0000,  0.0000, -0.0000, 0.0000)
            ( 0.0000, -1.0000,  0.0000, 0.0000)
            (-0.0000, -0.0000, -1.0000, 0.0000)
            (-2.0000,  3.9765,  6.0000, 1.0000)>
MESH
FloorTile_Basic2.016
<Matrix 4x4 (-1.0000, -0.0000,  0.0000, 0.0000)
            ( 0.0000, -0.8647,  0.5023, 0.0000)
            (-0.0000,  0.5023,  0.8647, 0.0000)
            (-0.0000,  3.9765, -9.1471, 1.0000)>
MESH
FloorTile_Side.033
<Matrix 4x4 (-1.0000, -0.0000,  0.0000, 0.0000)
            ( 0.0000, -0.8647,  0.5023, 0.0000)
            (-0.0000,  0.5023,  0.8647, 0.0000)
            ( 2.0000,  3.9765, -9.1471, 1.0000)>
MESH
FloorTile_Side.032
<Matrix 4x4 ( 1.0000, -0.0000, -0.0000, 0.0000)
            ( 0.0000, -0.8647,  0.5023, 0.0000)
            (-0.0000, -0.5023, -0.8647, 0.0000)
            (-2.0000,  3.9765, -9.1471, 1.0000)>
MESH
FloorTile_Basic2.017
<Matrix 4x4 (-1.0000, -0.0000,  -0.0000, 0.0000)
            ( 0.0000, -0.0027,  -1.0000, 0.0000)
            ( 0.0000, -1.0000,   0.0027, 0.0000)
            (-0.0000,  0.0674, -11.7628, 1.0000)>
MESH
FloorTile_Basic2.018
<Matrix 4x4 (-1.0000, -0.0000,  -0.0000, 0.0000)
            ( 0.0000, -0.0027,  -1.0000, 0.0000)
            ( 0.0000, -1.0000,   0.0027, 0.0000)
            (-0.0000,  2.0669, -11.7628, 1.0000)>
MESH
Column_3.001
<Matrix 4x4 ( 1.0000, 0.0000,  0.0000, 0.0000)
            ( 0.0000, 1.0000, -0.0000, 0.0000)
            ( 0.0000, 0.0000,  1.0000, 0.0000)
            (-1.9316, 0.9399, 10.2136, 1.0000)>
MESH
Column_3.002
<Matrix 4x4 ( 1.0000, 0.0000,  0.0000, 0.0000)
            ( 0.0000, 1.0000, -0.0000, 0.0000)
            ( 0.0000, 0.0000,  1.0000, 0.0000)
            (-5.8586, 0.9399, 10.2136, 1.0000)>
MESH
Column_3.003
<Matrix 4x4 (1.0000, 0.0000,  0.0000, 0.0000)
            (0.0000, 1.0000, -0.0000, 0.0000)
            (0.0000, 0.0000,  1.0000, 0.0000)
            (5.9584, 0.9399, 10.2136, 1.0000)>
MESH
Column_3.007
<Matrix 4x4 (1.0000, 0.0000,  0.0000, 0.0000)
            (0.0000, 1.0000, -0.0000, 0.0000)
            (0.0000, 0.0000,  1.0000, 0.0000)
            (2.0548, 0.9399, 17.8953, 1.0000)>
MESH
Column_3.006
<Matrix 4x4 ( 1.0000, 0.0000,  0.0000, 0.0000)
            ( 0.0000, 1.0000, -0.0000, 0.0000)
            ( 0.0000, 0.0000,  1.0000, 0.0000)
            (-2.0104, 0.9399, 17.8953, 1.0000)>
MESH
Column_3.005
<Matrix 4x4 ( 1.0000, 0.0000,  0.0000, 0.0000)
            ( 0.0000, 1.0000, -0.0000, 0.0000)
            ( 0.0000, 0.0000,  1.0000, 0.0000)
            (-5.8586, 0.9399, 17.8953, 1.0000)>
MESH
Column_3.004
<Matrix 4x4 (1.0000, 0.0000,  0.0000, 0.0000)
            (0.0000, 1.0000, -0.0000, 0.0000)
            (0.0000, 0.0000,  1.0000, 0.0000)
            (5.9584, 0.9399, 17.8953, 1.0000)>
MESH
Window_Wall_SideB
<Matrix 4x4 (1.0000, 0.0000,  0.0000, 0.0000)
            (0.0000, 1.0000, -0.0000, 0.0000)
            (0.0000, 0.0000,  1.0000, 0.0000)
            (0.0000, 0.9256, 17.9452, 1.0000)>
MESH
Window_Wall_SideB.001
<Matrix 4x4 ( 1.0000, 0.0000,  0.0000, 0.0000)
            ( 0.0000, 1.0000, -0.0000, 0.0000)
            ( 0.0000, 0.0000,  1.0000, 0.0000)
            (-4.0038, 0.9256, 17.9452, 1.0000)>
MESH
Window_Wall_SideB.002
<Matrix 4x4 (1.0000, 0.0000,  0.0000, 0.0000)
            (0.0000, 1.0000, -0.0000, 0.0000)
            (0.0000, 0.0000,  1.0000, 0.0000)
            (4.0992, 0.9256, 17.9452, 1.0000)>
MESH
Window_Wall_SideB.004
<Matrix 4x4 (-1.0000, 0.0000, -0.0000, 0.0000)
            (-0.0000, 1.0000,  0.0000, 0.0000)
            ( 0.0000, 0.0000, -1.0000, 0.0000)
            ( 4.0992, 0.9256, 10.2305, 1.0000)>
MESH
Window_Wall_SideB.003
<Matrix 4x4 (-1.0000, 0.0000, -0.0000, 0.0000)
            (-0.0000, 1.0000,  0.0000, 0.0000)
            ( 0.0000, 0.0000, -1.0000, 0.0000)
            (-4.0038, 0.9256, 10.2305, 1.0000)>
MESH
Details_Pipes_Small
<Matrix 4x4 (1.0000,  0.0000,  0.0000, 0.0000)
            (0.0000, -1.0000, -0.0072, 0.0000)
            (0.0000,  0.0072, -1.0000, 0.0000)
            (2.0154,  1.4752, 10.5689, 1.0000)>
MESH
Props_Crate
<Matrix 4x4 (1.0000, 0.0000,  0.0000, 0.0000)
            (0.0000, 1.0000, -0.0000, 0.0000)
            (0.0000, 0.0000,  1.0000, 0.0000)
            (2.8083, 1.0959, 11.1061, 1.0000)>
MESH
Props_Crate.001
<Matrix 4x4 (1.0000, 0.0000,  0.0000, 0.0000)
            (0.0000, 1.0000, -0.0000, 0.0000)
            (0.0000, 0.0000,  1.0000, 0.0000)
            (5.2474, 1.0959, 11.1061, 1.0000)>
MESH
ThreeWindows_Wall_SideB.008
<Matrix 4x4 (1.0000, 0.0000,  0.0000, 0.0000)
            (0.0000, 1.0000, -0.0000, 0.0000)
            (0.0000, 0.0000,  1.0000, 0.0000)
            (0.0000, 0.0000,  0.0000, 1.0000)>
MESH
Details_Pipes_Long
<Matrix 4x4 (0.0000,  0.0000, -1.0000, 0.0000)
            (1.0000,  0.0000,  0.0000, 0.0000)
            (0.0000, -1.0000,  0.0000, 0.0000)
            (4.0144,  1.1679, 11.0681, 1.0000)>
MESH
FloorTile_Empty.048
<Matrix 4x4 ( 1.0000,  0.0000,  0.0000, 0.0000)
            ( 0.0000, -1.0000,  0.0000, 0.0000)
            ( 0.0000, -0.0000, -1.0000, 0.0000)
            (-0.9480,  5.1655, 17.0004, 1.0000)>
MESH
FloorTile_Empty.047
<Matrix 4x4 (1.0000,  0.0000,  0.0000, 0.0000)
            (0.0000, -1.0000,  0.0000, 0.0000)
            (0.0000, -0.0000, -1.0000, 0.0000)
            (1.0520,  5.1655, 17.0004, 1.0000)>
MESH
FloorTile_Empty.046
<Matrix 4x4 (1.0000,  0.0000,  0.0000, 0.0000)
            (0.0000, -1.0000,  0.0000, 0.0000)
            (0.0000, -0.0000, -1.0000, 0.0000)
            (1.0520,  5.1655, 15.0004, 1.0000)>
MESH
FloorTile_Empty.045
<Matrix 4x4 ( 1.0000,  0.0000,  0.0000, 0.0000)
            ( 0.0000, -1.0000,  0.0000, 0.0000)
            ( 0.0000, -0.0000, -1.0000, 0.0000)
            (-0.9480,  5.1655, 15.0004, 1.0000)>
MESH
FloorTile_Empty.044
<Matrix 4x4 ( 1.0000,  0.0000,  0.0000, 0.0000)
            ( 0.0000, -1.0000,  0.0000, 0.0000)
            ( 0.0000, -0.0000, -1.0000, 0.0000)
            (-4.9480,  5.1655, 15.0004, 1.0000)>
MESH
FloorTile_Empty.043
<Matrix 4x4 ( 1.0000,  0.0000,  0.0000, 0.0000)
            ( 0.0000, -1.0000,  0.0000, 0.0000)
            ( 0.0000, -0.0000, -1.0000, 0.0000)
            (-2.9480,  5.1655, 15.0004, 1.0000)>
MESH
FloorTile_Empty.042
<Matrix 4x4 ( 1.0000,  0.0000,  0.0000, 0.0000)
            ( 0.0000, -1.0000,  0.0000, 0.0000)
            ( 0.0000, -0.0000, -1.0000, 0.0000)
            (-2.9480,  5.1655, 17.0004, 1.0000)>
MESH
FloorTile_Empty.041
<Matrix 4x4 ( 1.0000,  0.0000,  0.0000, 0.0000)
            ( 0.0000, -1.0000,  0.0000, 0.0000)
            ( 0.0000, -0.0000, -1.0000, 0.0000)
            (-4.9480,  5.1655, 17.0004, 1.0000)>
MESH
FloorTile_Empty.040
<Matrix 4x4 (1.0000,  0.0000,  0.0000, 0.0000)
            (0.0000, -1.0000,  0.0000, 0.0000)
            (0.0000, -0.0000, -1.0000, 0.0000)
            (3.0520,  5.1655, 15.0004, 1.0000)>
MESH
FloorTile_Empty.039
<Matrix 4x4 (1.0000,  0.0000,  0.0000, 0.0000)
            (0.0000, -1.0000,  0.0000, 0.0000)
            (0.0000, -0.0000, -1.0000, 0.0000)
            (5.0520,  5.1655, 15.0004, 1.0000)>
MESH
FloorTile_Empty.038
<Matrix 4x4 (1.0000,  0.0000,  0.0000, 0.0000)
            (0.0000, -1.0000,  0.0000, 0.0000)
            (0.0000, -0.0000, -1.0000, 0.0000)
            (5.0520,  5.1655, 17.0004, 1.0000)>
MESH
FloorTile_Empty.037
<Matrix 4x4 (1.0000,  0.0000,  0.0000, 0.0000)
            (0.0000, -1.0000,  0.0000, 0.0000)
            (0.0000, -0.0000, -1.0000, 0.0000)
            (3.0520,  5.1655, 17.0004, 1.0000)>
MESH
FloorTile_Empty.036
<Matrix 4x4 (1.0000,  0.0000,  0.0000, 0.0000)
            (0.0000, -1.0000,  0.0000, 0.0000)
            (0.0000, -0.0000, -1.0000, 0.0000)
            (3.0520,  5.1655, 13.0004, 1.0000)>
MESH
FloorTile_Empty.035
<Matrix 4x4 (1.0000,  0.0000,  0.0000, 0.0000)
            (0.0000, -1.0000,  0.0000, 0.0000)
            (0.0000, -0.0000, -1.0000, 0.0000)
            (5.0520,  5.1655, 13.0004, 1.0000)>
MESH
FloorTile_Empty.034
<Matrix 4x4 (1.0000,  0.0000,  0.0000, 0.0000)
            (0.0000, -1.0000,  0.0000, 0.0000)
            (0.0000, -0.0000, -1.0000, 0.0000)
            (5.0520,  5.1655, 11.0004, 1.0000)>
MESH
FloorTile_Empty.033
<Matrix 4x4 (1.0000,  0.0000,  0.0000, 0.0000)
            (0.0000, -1.0000,  0.0000, 0.0000)
            (0.0000, -0.0000, -1.0000, 0.0000)
            (3.0520,  5.1655, 11.0004, 1.0000)>
MESH
FloorTile_Empty.032
<Matrix 4x4 ( 1.0000,  0.0000,  0.0000, 0.0000)
            ( 0.0000, -1.0000,  0.0000, 0.0000)
            ( 0.0000, -0.0000, -1.0000, 0.0000)
            (-4.9480,  5.1655, 13.0004, 1.0000)>
MESH
FloorTile_Empty.031
<Matrix 4x4 ( 1.0000,  0.0000,  0.0000, 0.0000)
            ( 0.0000, -1.0000,  0.0000, 0.0000)
            ( 0.0000, -0.0000, -1.0000, 0.0000)
            (-2.9480,  5.1655, 13.0004, 1.0000)>
MESH
FloorTile_Empty.030
<Matrix 4x4 ( 1.0000,  0.0000,  0.0000, 0.0000)
            ( 0.0000, -1.0000,  0.0000, 0.0000)
            ( 0.0000, -0.0000, -1.0000, 0.0000)
            (-2.9480,  5.1655, 11.0004, 1.0000)>
MESH
FloorTile_Empty.029
<Matrix 4x4 ( 1.0000,  0.0000,  0.0000, 0.0000)
            ( 0.0000, -1.0000,  0.0000, 0.0000)
            ( 0.0000, -0.0000, -1.0000, 0.0000)
            (-4.9480,  5.1655, 11.0004, 1.0000)>
MESH
FloorTile_Empty.028
<Matrix 4x4 ( 1.0000,  0.0000,  0.0000, 0.0000)
            ( 0.0000, -1.0000,  0.0000, 0.0000)
            ( 0.0000, -0.0000, -1.0000, 0.0000)
            (-0.9480,  5.1655, 11.0004, 1.0000)>
MESH
FloorTile_Empty.027
<Matrix 4x4 (1.0000,  0.0000,  0.0000, 0.0000)
            (0.0000, -1.0000,  0.0000, 0.0000)
            (0.0000, -0.0000, -1.0000, 0.0000)
            (1.0520,  5.1655, 11.0004, 1.0000)>
MESH
FloorTile_Empty.026
<Matrix 4x4 (1.0000,  0.0000,  0.0000, 0.0000)
            (0.0000, -1.0000,  0.0000, 0.0000)
            (0.0000, -0.0000, -1.0000, 0.0000)
            (1.0520,  5.1655, 13.0004, 1.0000)>
MESH
FloorTile_Empty.025
<Matrix 4x4 ( 1.0000,  0.0000,  0.0000, 0.0000)
            ( 0.0000, -1.0000,  0.0000, 0.0000)
            ( 0.0000, -0.0000, -1.0000, 0.0000)
            (-0.9480,  5.1655, 13.0004, 1.0000)>
MESH
Props_Vessel
<Matrix 4x4 ( 1.0000, 0.0000,  0.0000, 0.0000)
            ( 0.0000, 1.0000, -0.0000, 0.0000)
            ( 0.0000, 0.0000,  1.0000, 0.0000)
            (-2.2990, 1.2070, 11.3457, 1.0000)>
MESH
Window_Wall_SideB.005
<Matrix 4x4 ( 0.0000, 0.0000, -1.0000, 0.0000)
            (-0.0000, 1.0000, -0.0000, 0.0000)
            ( 1.0000, 0.0000,  0.0000, 0.0000)
            ( 6.0015, 0.9256, 16.0978, 1.0000)>
MESH
Window_Wall_SideB.006
<Matrix 4x4 ( 0.0000, 0.0000, -1.0000, 0.0000)
            (-0.0000, 1.0000, -0.0000, 0.0000)
            ( 1.0000, 0.0000,  0.0000, 0.0000)
            ( 6.0015, 0.9256, 12.0978, 1.0000)>
MESH
Window_Wall_SideB.008
<Matrix 4x4 ( 0.0000, 0.0000,  1.0000, 0.0000)
            ( 0.0000, 1.0000, -0.0000, 0.0000)
            (-1.0000, 0.0000,  0.0000, 0.0000)
            (-6.0506, 0.9256, 12.0978, 1.0000)>
MESH
Window_Wall_SideB.007
<Matrix 4x4 ( 0.0000, 0.0000,  1.0000, 0.0000)
            ( 0.0000, 1.0000, -0.0000, 0.0000)
            (-1.0000, 0.0000,  0.0000, 0.0000)
            (-6.0506, 0.9256, 16.0978, 1.0000)>
MESH
FloorTile_Basic2.020
<Matrix 4x4 (-1.0000, -0.0000,  0.0000, 0.0000)
            ( 0.0000, -1.0000, -0.0000, 0.0000)
            ( 0.0000, -0.0000,  1.0000, 0.0000)
            (-0.0000,  3.9765,  7.0000, 1.0000)>
MESH
FloorTile_Basic2.019
<Matrix 4x4 (-1.0000, -0.0000,  0.0000, 0.0000)
            ( 0.0000, -1.0000, -0.0000, 0.0000)
            ( 0.0000, -0.0000,  1.0000, 0.0000)
            (-0.0000,  3.9765,  9.0000, 1.0000)>
MESH
FloorTile_Side.037
<Matrix 4x4 ( 1.0000,  0.0000, -0.0000, 0.0000)
            ( 0.0000, -1.0000,  0.0000, 0.0000)
            (-0.0000, -0.0000, -1.0000, 0.0000)
            (-2.0000,  3.9765,  9.0000, 1.0000)>
MESH
FloorTile_Side.036
<Matrix 4x4 ( 1.0000,  0.0000, -0.0000, 0.0000)
            ( 0.0000, -1.0000,  0.0000, 0.0000)
            (-0.0000, -0.0000, -1.0000, 0.0000)
            (-2.0000,  3.9765,  7.0000, 1.0000)>
MESH
FloorTile_Side.035
<Matrix 4x4 (-1.0000, -0.0000,  0.0000, 0.0000)
            ( 0.0000, -1.0000, -0.0000, 0.0000)
            ( 0.0000, -0.0000,  1.0000, 0.0000)
            ( 2.0000,  3.9765,  7.0000, 1.0000)>
MESH
FloorTile_Side.034
<Matrix 4x4 (-1.0000, -0.0000,  0.0000, 0.0000)
            ( 0.0000, -1.0000, -0.0000, 0.0000)
            ( 0.0000, -0.0000,  1.0000, 0.0000)
            ( 2.0000,  3.9765,  9.0000, 1.0000)>
MESH
FloorTile_Side.039
<Matrix 4x4 (-1.0000,  0.0000, 0.0000, 0.0000)
            ( 0.0000, -0.0000, 1.0000, 0.0000)
            ( 0.0000,  1.0000, 0.0000, 0.0000)
            ( 2.0000,  4.9948, 9.9835, 1.0000)>
MESH
FloorTile_Side.038
<Matrix 4x4 ( 1.0000, -0.0000, -0.0000, 0.0000)
            ( 0.0000,  0.0000,  1.0000, 0.0000)
            (-0.0000, -1.0000,  0.0000, 0.0000)
            (-2.0000,  4.9948,  9.9835, 1.0000)>
MESH
FloorTile_Basic2.021
<Matrix 4x4 (-1.0000,  0.0000, 0.0000, 0.0000)
            ( 0.0000, -0.0000, 1.0000, 0.0000)
            ( 0.0000,  1.0000, 0.0000, 0.0000)
            (-0.0000,  5.0159, 9.9953, 1.0000)>
