# Game Level Exporter v1.0
LIGHT
Light
<Matrix 4x4 (-0.2909, -0.0552,  0.9552, 0.0000)
            (-0.7711,  0.6045, -0.1999, 0.0000)
            (-0.5664, -0.7947, -0.2184, 0.0000)
            ( 4.0762,  5.9039,  1.0055, 1.0000)>
CAMERA
Camera
<Matrix 4x4 ( 0.6859,  0.0000,  0.7277, 0.0000)
            (-0.3240,  0.8954,  0.3054, 0.0000)
            (-0.6516, -0.4453,  0.6142, 0.0000)
            ( 7.3589,  4.9583, -6.9258, 1.0000)>
MESH
Arch.035
<Matrix 4x4 (1.0000, 0.0000,  0.0000, 0.0000)
            (0.0000, 1.0000, -0.0000, 0.0000)
            (0.0000, 0.0000,  1.0000, 0.0000)
            (0.0000, 0.0000,  0.2488, 1.0000)>
MESH
Floor_BricksSeparate.032
<Matrix 4x4 ( 1.0000, 0.0000,  0.0000, 0.0000)
            ( 0.0000, 1.0000, -0.0000, 0.0000)
            ( 0.0000, 0.0000,  1.0000, 0.0000)
            (-3.1598, 0.0000, -2.5063, 1.0000)>
MESH
Floor_Modular.031
<Matrix 4x4 (1.0000, 0.0000,  0.0000, 0.0000)
            (0.0000, 1.0000, -0.0000, 0.0000)
            (0.0000, 0.0000,  0.6127, 0.0000)
            (0.0000, 0.0000, -0.4399, 1.0000)>
MESH
Floor_Modular.001
<Matrix 4x4 (1.0000, 0.0000,  0.0000, 0.0000)
            (0.0000, 1.0000, -0.0000, 0.0000)
            (0.0000, 0.0000,  1.0000, 0.0000)
            (1.9989, 0.0000, -0.0573, 1.0000)>
MESH
Floor_BricksSeparate2.032
<Matrix 4x4 (1.0000, 0.0000,  0.0000, 0.0000)
            (0.0000, 1.0000, -0.0000, 0.0000)
            (0.0000, 0.0000,  1.0000, 0.0000)
            (2.9318, 0.0454, -6.4996, 1.0000)>
MESH
Floor_Modular.003
<Matrix 4x4 (1.0000, 0.0000,  0.0000, 0.0000)
            (0.0000, 1.0000, -0.0000, 0.0000)
            (0.0000, 0.0000,  1.0000, 0.0000)
            (1.9989, 0.0000, -2.0405, 1.0000)>
MESH
Floor_Modular.002
<Matrix 4x4 (1.0000, 0.0000,  0.0000, 0.0000)
            (0.0000, 1.0000, -0.0000, 0.0000)
            (0.0000, 0.0000,  1.0000, 0.0000)
            (0.0000, 0.0000, -2.0405, 1.0000)>
MESH
Floor_Modular.007
<Matrix 4x4 ( 1.0000, 0.0000,  0.0000, 0.0000)
            ( 0.0000, 1.0000, -0.0000, 0.0000)
            ( 0.0000, 0.0000,  1.0000, 0.0000)
            (-1.9994, 0.0000, -0.0573, 1.0000)>
MESH
Floor_Modular.006
<Matrix 4x4 ( 1.0000, 0.0000,  0.0000, 0.0000)
            ( 0.0000, 1.0000, -0.0000, 0.0000)
            ( 0.0000, 0.0000,  1.0000, 0.0000)
            (-3.9983, 0.0000, -2.0405, 1.0000)>
MESH
Floor_Modular.005
<Matrix 4x4 ( 1.0000, 0.0000,  0.0000, 0.0000)
            ( 0.0000, 1.0000, -0.0000, 0.0000)
            ( 0.0000, 0.0000,  1.0000, 0.0000)
            (-1.9994, 0.0000, -2.0405, 1.0000)>
MESH
Floor_Modular.004
<Matrix 4x4 ( 1.0000, 0.0000,  0.0000, 0.0000)
            ( 0.0000, 1.0000, -0.0000, 0.0000)
            ( 0.0000, 0.0000,  1.0000, 0.0000)
            (-3.9983, 0.0000, -0.0573, 1.0000)>
MESH
Floor_Modular.015
<Matrix 4x4 (1.0000, 0.0000,  0.0000, 0.0000)
            (0.0000, 1.0000, -0.0000, 0.0000)
            (0.0000, 0.0000,  1.0000, 0.0000)
            (1.9989, 0.0000, -4.0347, 1.0000)>
MESH
Floor_Modular.014
<Matrix 4x4 (1.0000, 0.0000,  0.0000, 0.0000)
            (0.0000, 1.0000, -0.0000, 0.0000)
            (0.0000, 0.0000,  1.0000, 0.0000)
            (0.0000, 0.0000, -6.0178, 1.0000)>
MESH
Floor_Modular.013
<Matrix 4x4 (1.0000, 0.0000,  0.0000, 0.0000)
            (0.0000, 1.0000, -0.0000, 0.0000)
            (0.0000, 0.0000,  1.0000, 0.0000)
            (1.9989, 0.0000, -6.0178, 1.0000)>
MESH
Floor_Modular.012
<Matrix 4x4 ( 1.0000, 0.0000,  0.0000, 0.0000)
            ( 0.0000, 1.0000, -0.0000, 0.0000)
            ( 0.0000, 0.0000,  1.0000, 0.0000)
            (-3.9983, 0.0000, -4.0347, 1.0000)>
MESH
Floor_Modular.011
<Matrix 4x4 ( 1.0000, 0.0000,  0.0000, 0.0000)
            ( 0.0000, 1.0000, -0.0000, 0.0000)
            ( 0.0000, 0.0000,  1.0000, 0.0000)
            (-1.9994, 0.0000, -6.0178, 1.0000)>
MESH
Floor_Modular.010
<Matrix 4x4 ( 1.0000, 0.0000,  0.0000, 0.0000)
            ( 0.0000, 1.0000, -0.0000, 0.0000)
            ( 0.0000, 0.0000,  1.0000, 0.0000)
            (-3.9983, 0.0000, -6.0178, 1.0000)>
MESH
Floor_Modular.009
<Matrix 4x4 ( 1.0000, 0.0000,  0.0000, 0.0000)
            ( 0.0000, 1.0000, -0.0000, 0.0000)
            ( 0.0000, 0.0000,  1.0000, 0.0000)
            (-1.9994, 0.0000, -4.0347, 1.0000)>
MESH
Floor_Modular.008
<Matrix 4x4 (1.0000, 0.0000,  0.0000, 0.0000)
            (0.0000, 1.0000, -0.0000, 0.0000)
            (0.0000, 0.0000,  1.0000, 0.0000)
            (0.0000, 0.0000, -4.0347, 1.0000)>
MESH
Floor_Modular.032
<Matrix 4x4 (1.0000, 0.0000,  0.0000, 0.0000)
            (0.0000, 1.0000, -0.0000, 0.0000)
            (0.0000, 0.0000,  1.0000, 0.0000)
            (1.9989, 0.0000, -8.0089, 1.0000)>
MESH
Floor_Modular.030
<Matrix 4x4 (1.0000, 0.0000,  0.0000, 0.0000)
            (0.0000, 1.0000, -0.0000, 0.0000)
            (0.0000, 0.0000,  1.0000, 0.0000)
            (0.0000, 0.0000, -9.9921, 1.0000)>
MESH
Floor_Modular.029
<Matrix 4x4 (1.0000, 0.0000,  0.0000, 0.0000)
            (0.0000, 1.0000, -0.0000, 0.0000)
            (0.0000, 0.0000,  1.0000, 0.0000)
            (1.9989, 0.0000, -9.9921, 1.0000)>
MESH
Floor_Modular.028
<Matrix 4x4 ( 1.0000, 0.0000,  0.0000, 0.0000)
            ( 0.0000, 1.0000, -0.0000, 0.0000)
            ( 0.0000, 0.0000,  1.0000, 0.0000)
            (-3.9983, 0.0000, -8.0089, 1.0000)>
MESH
Floor_Modular.027
<Matrix 4x4 ( 1.0000, 0.0000,  0.0000, 0.0000)
            ( 0.0000, 1.0000, -0.0000, 0.0000)
            ( 0.0000, 0.0000,  1.0000, 0.0000)
            (-1.9994, 0.0000, -9.9921, 1.0000)>
MESH
Floor_Modular.026
<Matrix 4x4 ( 1.0000, 0.0000,  0.0000, 0.0000)
            ( 0.0000, 1.0000, -0.0000, 0.0000)
            ( 0.0000, 0.0000,  1.0000, 0.0000)
            (-3.9983, 0.0000, -9.9921, 1.0000)>
MESH
Floor_Modular.025
<Matrix 4x4 ( 1.0000, 0.0000,  0.0000, 0.0000)
            ( 0.0000, 1.0000, -0.0000, 0.0000)
            ( 0.0000, 0.0000,  1.0000, 0.0000)
            (-1.9994, 0.0000, -8.0089, 1.0000)>
MESH
Floor_Modular.024
<Matrix 4x4 (1.0000, 0.0000,   0.0000, 0.0000)
            (0.0000, 1.0000,  -0.0000, 0.0000)
            (0.0000, 0.0000,   1.0000, 0.0000)
            (0.0000, 0.0000, -11.9862, 1.0000)>
MESH
Floor_Modular.023
<Matrix 4x4 ( 1.0000, 0.0000,   0.0000, 0.0000)
            ( 0.0000, 1.0000,  -0.0000, 0.0000)
            ( 0.0000, 0.0000,   1.0000, 0.0000)
            (-1.9994, 0.0000, -11.9862, 1.0000)>
MESH
Floor_Modular.020
<Matrix 4x4 ( 1.0000, 0.0000,   0.0000, 0.0000)
            ( 0.0000, 1.0000,  -0.0000, 0.0000)
            ( 0.0000, 0.0000,   1.0000, 0.0000)
            (-3.9983, 0.0000, -11.9862, 1.0000)>
MESH
Floor_Modular.017
<Matrix 4x4 (1.0000, 0.0000,   0.0000, 0.0000)
            (0.0000, 1.0000,  -0.0000, 0.0000)
            (0.0000, 0.0000,   1.0000, 0.0000)
            (1.9989, 0.0000, -11.9862, 1.0000)>
MESH
Floor_Modular.016
<Matrix 4x4 (1.0000, 0.0000,  0.0000, 0.0000)
            (0.0000, 1.0000, -0.0000, 0.0000)
            (0.0000, 0.0000,  1.0000, 0.0000)
            (0.0000, 0.0000, -8.0089, 1.0000)>
MESH
Floor_Modular.035
<Matrix 4x4 (1.0000, 0.0000,  0.0000, 0.0000)
            (0.0000, 1.0000, -0.0000, 0.0000)
            (0.0000, 0.0000,  1.0000, 0.0000)
            (3.9988, 0.0000, -0.0573, 1.0000)>
MESH
Floor_Modular.034
<Matrix 4x4 (1.0000, 0.0000,  0.0000, 0.0000)
            (0.0000, 1.0000, -0.0000, 0.0000)
            (0.0000, 0.0000,  1.0000, 0.0000)
            (3.9988, 0.0000, -2.0405, 1.0000)>
MESH
Floor_Modular.033
<Matrix 4x4 (1.0000, 0.0000,  0.0000, 0.0000)
            (0.0000, 1.0000, -0.0000, 0.0000)
            (0.0000, 0.0000,  1.0000, 0.0000)
            (3.9988, 0.0000, -6.0178, 1.0000)>
MESH
Floor_Modular.022
<Matrix 4x4 (1.0000, 0.0000,  0.0000, 0.0000)
            (0.0000, 1.0000, -0.0000, 0.0000)
            (0.0000, 0.0000,  1.0000, 0.0000)
            (3.9988, 0.0000, -4.0347, 1.0000)>
MESH
Floor_Modular.021
<Matrix 4x4 (1.0000, 0.0000,   0.0000, 0.0000)
            (0.0000, 1.0000,  -0.0000, 0.0000)
            (0.0000, 0.0000,   1.0000, 0.0000)
            (3.9988, 0.0000, -11.9862, 1.0000)>
MESH
Floor_Modular.019
<Matrix 4x4 (1.0000, 0.0000,  0.0000, 0.0000)
            (0.0000, 1.0000, -0.0000, 0.0000)
            (0.0000, 0.0000,  1.0000, 0.0000)
            (3.9988, 0.0000, -9.9921, 1.0000)>
MESH
Floor_Modular.018
<Matrix 4x4 (1.0000, 0.0000,  0.0000, 0.0000)
            (0.0000, 1.0000, -0.0000, 0.0000)
            (0.0000, 0.0000,  1.0000, 0.0000)
            (3.9988, 0.0000, -8.0089, 1.0000)>
MESH
Wall_Modular.005
<Matrix 4x4 ( 1.0000, 0.0000,  0.0000, 0.0000)
            ( 0.0000, 1.0000, -0.0000, 0.0000)
            ( 0.0000, 0.0000,  1.0000, 0.0000)
            (-2.9883, 1.0768,  0.3912, 1.0000)>
MESH
Wall_Modular.001
<Matrix 4x4 ( 0.5735, 0.0000,  0.0000, 0.0000)
            ( 0.0000, 1.0000, -0.0000, 0.0000)
            ( 0.0000, 0.0000,  1.0000, 0.0000)
            (-4.4659, 1.0768,  0.3912, 1.0000)>
MESH
Wall_Modular.002
<Matrix 4x4 ( 0.0000, 0.0000,  1.0281, 0.0000)
            ( 0.0000, 1.0000, -0.0000, 0.0000)
            (-1.0000, 0.0000,  0.0000, 0.0000)
            (-4.7894, 1.0768, -0.7562, 1.0000)>
MESH
Wall_Modular.003
<Matrix 4x4 ( 0.0000, 0.0000,  1.0281, 0.0000)
            ( 0.0000, 1.0000, -0.0000, 0.0000)
            (-1.0000, 0.0000,  0.0000, 0.0000)
            (-4.7894, 1.0768, -2.8322, 1.0000)>
MESH
Wall_Modular.006
<Matrix 4x4 ( 0.0000, 0.0000,  1.0281, 0.0000)
            ( 0.0000, 1.0000, -0.0000, 0.0000)
            (-1.0000, 0.0000,  0.0000, 0.0000)
            (-4.7894, 1.0768, -4.8978, 1.0000)>
MESH
Wall_Modular.004
<Matrix 4x4 ( 0.0000, 0.0000,  1.0281, 0.0000)
            ( 0.0000, 1.0000, -0.0000, 0.0000)
            (-1.0000, 0.0000,  0.0000, 0.0000)
            (-4.7894, 1.0768, -6.9738, 1.0000)>
MESH
Wall_Modular.008
<Matrix 4x4 ( 0.0000, 0.0000,   1.0281, 0.0000)
            ( 0.0000, 1.0000,  -0.0000, 0.0000)
            (-1.0000, 0.0000,   0.0000, 0.0000)
            (-4.7894, 1.0768, -11.1322, 1.0000)>
MESH
Wall_Modular.007
<Matrix 4x4 ( 0.0000, 0.0000,  1.0281, 0.0000)
            ( 0.0000, 1.0000, -0.0000, 0.0000)
            (-1.0000, 0.0000,  0.0000, 0.0000)
            (-4.7894, 1.0768, -9.0563, 1.0000)>
MESH
Wall_Modular.009
<Matrix 4x4 ( 0.0000, 0.0000,   0.5726, 0.0000)
            ( 0.0000, 1.0000,  -0.0000, 0.0000)
            (-1.0000, 0.0000,   0.0000, 0.0000)
            (-4.7894, 1.0768, -12.3844, 1.0000)>
MESH
Wall_Modular.010
<Matrix 4x4 (-1.0813, 0.0000,   0.0000, 0.0000)
            ( 0.0000, 1.0000,   0.0000, 0.0000)
            (-0.0000, 0.0000,  -1.0000, 0.0000)
            (-3.9843, 1.0768, -12.7927, 1.0000)>
MESH
Wall_Modular.011
<Matrix 4x4 (-1.0813, 0.0000,   0.0000, 0.0000)
            ( 0.0000, 1.0000,   0.0000, 0.0000)
            (-0.0000, 0.0000,  -1.0000, 0.0000)
            (-1.8427, 1.0768, -12.7927, 1.0000)>
MESH
Wall_Modular.013
<Matrix 4x4 (-1.0813, 0.0000,   0.0000, 0.0000)
            ( 0.0000, 1.0000,   0.0000, 0.0000)
            (-0.0000, 0.0000,  -1.0000, 0.0000)
            ( 0.2081, 1.0768, -12.7927, 1.0000)>
MESH
Wall_Modular.012
<Matrix 4x4 (-1.0813, 0.0000,   0.0000, 0.0000)
            ( 0.0000, 1.0000,   0.0000, 0.0000)
            (-0.0000, 0.0000,  -1.0000, 0.0000)
            ( 2.3497, 1.0768, -12.7927, 1.0000)>
MESH
Wall_Modular.015
<Matrix 4x4 ( 0.0000, 0.0000,  -1.0398, 0.0000)
            (-0.0000, 1.0000,  -0.0000, 0.0000)
            ( 1.0000, 0.0000,   0.0000, 0.0000)
            ( 4.8796, 1.0768, -12.2120, 1.0000)>
MESH
Wall_Modular.014
<Matrix 4x4 (-1.0813, 0.0000,   0.0000, 0.0000)
            ( 0.0000, 1.0000,   0.0000, 0.0000)
            (-0.0000, 0.0000,  -1.0000, 0.0000)
            ( 4.4527, 1.0768, -12.7927, 1.0000)>
MESH
Wall_Modular.016
<Matrix 4x4 ( 0.0000, 0.0000,  -1.0398, 0.0000)
            (-0.0000, 1.0000,  -0.0000, 0.0000)
            ( 1.0000, 0.0000,   0.0000, 0.0000)
            ( 4.8796, 1.0768, -10.1669, 1.0000)>
MESH
Wall_Modular.018
<Matrix 4x4 ( 0.0000, 0.0000, -1.0398, 0.0000)
            (-0.0000, 1.0000, -0.0000, 0.0000)
            ( 1.0000, 0.0000,  0.0000, 0.0000)
            ( 4.8796, 1.0768, -8.1091, 1.0000)>
MESH
Wall_Modular.017
<Matrix 4x4 ( 0.0000, 0.0000, -1.0398, 0.0000)
            (-0.0000, 1.0000, -0.0000, 0.0000)
            ( 1.0000, 0.0000,  0.0000, 0.0000)
            ( 4.8796, 1.0768, -6.0640, 1.0000)>
MESH
Wall_Modular.020
<Matrix 4x4 ( 0.0000, 0.0000, -1.0398, 0.0000)
            (-0.0000, 1.0000, -0.0000, 0.0000)
            ( 1.0000, 0.0000,  0.0000, 0.0000)
            ( 4.8796, 1.0768, -1.9690, 1.0000)>
MESH
Wall_Modular.019
<Matrix 4x4 ( 0.0000, 0.0000, -1.0398, 0.0000)
            (-0.0000, 1.0000, -0.0000, 0.0000)
            ( 1.0000, 0.0000,  0.0000, 0.0000)
            ( 4.8796, 1.0768, -4.0141, 1.0000)>
MESH
Wall_Modular.021
<Matrix 4x4 ( 0.0000, 0.0000, -0.7140, 0.0000)
            (-0.0000, 1.0000, -0.0000, 0.0000)
            ( 1.0000, 0.0000,  0.0000, 0.0000)
            ( 4.8796, 1.0768, -0.2305, 1.0000)>
MESH
Wall_Modular.022
<Matrix 4x4 (1.0000, 0.0000,  0.0000, 0.0000)
            (0.0000, 1.0000, -0.0000, 0.0000)
            (0.0000, 0.0000,  1.0000, 0.0000)
            (2.9260, 1.0768,  0.3912, 1.0000)>
MESH
Wall_Modular.023
<Matrix 4x4 (0.5983, 0.0000,  0.0000, 0.0000)
            (0.0000, 1.0000, -0.0000, 0.0000)
            (0.0000, 0.0000,  1.0000, 0.0000)
            (4.4876, 1.0768,  0.3912, 1.0000)>
MESH
Column.083
<Matrix 4x4 ( 1.0000, 0.0000,  0.0000, 0.0000)
            ( 0.0000, 1.0000, -0.0000, 0.0000)
            ( 0.0000, 0.0000,  1.0000, 0.0000)
            (-4.6591, 0.0000,  0.1951, 1.0000)>
MESH
Column.001
<Matrix 4x4 ( 1.0000, 0.0000,   0.0000, 0.0000)
            ( 0.0000, 1.0000,  -0.0000, 0.0000)
            ( 0.0000, 0.0000,   1.0000, 0.0000)
            (-4.6591, 0.0000, -12.7656, 1.0000)>
MESH
Column.002
<Matrix 4x4 (1.0000, 0.0000,  0.0000, 0.0000)
            (0.0000, 1.0000, -0.0000, 0.0000)
            (0.0000, 0.0000,  1.0000, 0.0000)
            (4.6966, 0.0000,  0.1951, 1.0000)>
MESH
Column.003
<Matrix 4x4 (1.0000, 0.0000,   0.0000, 0.0000)
            (0.0000, 1.0000,  -0.0000, 0.0000)
            (0.0000, 0.0000,   1.0000, 0.0000)
            (4.6966, 0.0000, -12.7559, 1.0000)>
MESH
Wall_Modular.045
<Matrix 4x4 ( 0.5735, 0.0000,  0.0000, 0.0000)
            ( 0.0000, 1.0000, -0.0000, 0.0000)
            ( 0.0000, 0.0000,  1.0000, 0.0000)
            (-4.4659, 3.0466,  0.3912, 1.0000)>
MESH
Wall_Modular.044
<Matrix 4x4 ( 0.0000, 0.0000,  1.0281, 0.0000)
            ( 0.0000, 1.0000, -0.0000, 0.0000)
            (-1.0000, 0.0000,  0.0000, 0.0000)
            (-4.7894, 3.0466, -0.7562, 1.0000)>
MESH
Wall_Modular.043
<Matrix 4x4 ( 0.0000, 0.0000,  1.0281, 0.0000)
            ( 0.0000, 1.0000, -0.0000, 0.0000)
            (-1.0000, 0.0000,  0.0000, 0.0000)
            (-4.7894, 3.0466, -2.8322, 1.0000)>
MESH
Wall_Modular.042
<Matrix 4x4 ( 0.0000, 0.0000,  1.0281, 0.0000)
            ( 0.0000, 1.0000, -0.0000, 0.0000)
            (-1.0000, 0.0000,  0.0000, 0.0000)
            (-4.7894, 3.0466, -6.9738, 1.0000)>
MESH
Wall_Modular.041
<Matrix 4x4 ( 1.0000, 0.0000,  0.0000, 0.0000)
            ( 0.0000, 1.0000, -0.0000, 0.0000)
            ( 0.0000, 0.0000,  1.0000, 0.0000)
            (-2.9883, 3.0466,  0.3912, 1.0000)>
MESH
Wall_Modular.040
<Matrix 4x4 ( 0.0000, 0.0000,  1.0281, 0.0000)
            ( 0.0000, 1.0000, -0.0000, 0.0000)
            (-1.0000, 0.0000,  0.0000, 0.0000)
            (-4.7894, 3.0466, -4.8978, 1.0000)>
MESH
Wall_Modular.039
<Matrix 4x4 ( 0.0000, 0.0000,  1.0281, 0.0000)
            ( 0.0000, 1.0000, -0.0000, 0.0000)
            (-1.0000, 0.0000,  0.0000, 0.0000)
            (-4.7894, 3.0466, -9.0563, 1.0000)>
MESH
Wall_Modular.038
<Matrix 4x4 ( 0.0000, 0.0000,   1.0281, 0.0000)
            ( 0.0000, 1.0000,  -0.0000, 0.0000)
            (-1.0000, 0.0000,   0.0000, 0.0000)
            (-4.7894, 3.0466, -11.1322, 1.0000)>
MESH
Wall_Modular.037
<Matrix 4x4 ( 0.0000, 0.0000,   0.5726, 0.0000)
            ( 0.0000, 1.0000,  -0.0000, 0.0000)
            (-1.0000, 0.0000,   0.0000, 0.0000)
            (-4.7894, 3.0466, -12.3844, 1.0000)>
MESH
Wall_Modular.036
<Matrix 4x4 (-1.0813, 0.0000,   0.0000, 0.0000)
            ( 0.0000, 1.0000,   0.0000, 0.0000)
            (-0.0000, 0.0000,  -1.0000, 0.0000)
            (-3.9843, 3.0466, -12.7927, 1.0000)>
MESH
Wall_Modular.035
<Matrix 4x4 (-1.0813, 0.0000,   0.0000, 0.0000)
            ( 0.0000, 1.0000,   0.0000, 0.0000)
            (-0.0000, 0.0000,  -1.0000, 0.0000)
            (-1.8427, 3.0466, -12.7927, 1.0000)>
MESH
Wall_Modular.034
<Matrix 4x4 (-1.0813, 0.0000,   0.0000, 0.0000)
            ( 0.0000, 1.0000,   0.0000, 0.0000)
            (-0.0000, 0.0000,  -1.0000, 0.0000)
            ( 2.3497, 3.0466, -12.7927, 1.0000)>
MESH
Wall_Modular.033
<Matrix 4x4 (-1.0813, 0.0000,   0.0000, 0.0000)
            ( 0.0000, 1.0000,   0.0000, 0.0000)
            (-0.0000, 0.0000,  -1.0000, 0.0000)
            ( 0.2081, 3.0466, -12.7927, 1.0000)>
MESH
Wall_Modular.032
<Matrix 4x4 (-1.0813, 0.0000,   0.0000, 0.0000)
            ( 0.0000, 1.0000,   0.0000, 0.0000)
            (-0.0000, 0.0000,  -1.0000, 0.0000)
            ( 4.4527, 3.0466, -12.7927, 1.0000)>
MESH
Wall_Modular.031
<Matrix 4x4 ( 0.0000, 0.0000,  -1.0398, 0.0000)
            (-0.0000, 1.0000,  -0.0000, 0.0000)
            ( 1.0000, 0.0000,   0.0000, 0.0000)
            ( 4.8796, 3.0466, -12.2120, 1.0000)>
MESH
Wall_Modular.030
<Matrix 4x4 ( 0.0000, 0.0000,  -1.0398, 0.0000)
            (-0.0000, 1.0000,  -0.0000, 0.0000)
            ( 1.0000, 0.0000,   0.0000, 0.0000)
            ( 4.8796, 3.0466, -10.1669, 1.0000)>
MESH
Wall_Modular.029
<Matrix 4x4 ( 0.0000, 0.0000, -1.0398, 0.0000)
            (-0.0000, 1.0000, -0.0000, 0.0000)
            ( 1.0000, 0.0000,  0.0000, 0.0000)
            ( 4.8796, 3.0466, -6.0640, 1.0000)>
MESH
Wall_Modular.028
<Matrix 4x4 ( 0.0000, 0.0000, -1.0398, 0.0000)
            (-0.0000, 1.0000, -0.0000, 0.0000)
            ( 1.0000, 0.0000,  0.0000, 0.0000)
            ( 4.8796, 3.0466, -8.1091, 1.0000)>
MESH
Wall_Modular.027
<Matrix 4x4 ( 0.0000, 0.0000, -1.0398, 0.0000)
            (-0.0000, 1.0000, -0.0000, 0.0000)
            ( 1.0000, 0.0000,  0.0000, 0.0000)
            ( 4.8796, 3.0466, -4.0141, 1.0000)>
MESH
Wall_Modular.026
<Matrix 4x4 ( 0.0000, 0.0000, -1.0398, 0.0000)
            (-0.0000, 1.0000, -0.0000, 0.0000)
            ( 1.0000, 0.0000,  0.0000, 0.0000)
            ( 4.8796, 3.0466, -1.9690, 1.0000)>
MESH
Wall_Modular.025
<Matrix 4x4 (1.0000, 0.0000,  0.0000, 0.0000)
            (0.0000, 1.0000, -0.0000, 0.0000)
            (0.0000, 0.0000,  1.0000, 0.0000)
            (2.9260, 3.0466,  0.3912, 1.0000)>
MESH
Wall_Modular.024
<Matrix 4x4 (0.5983, 0.0000,  0.0000, 0.0000)
            (0.0000, 1.0000, -0.0000, 0.0000)
            (0.0000, 0.0000,  1.0000, 0.0000)
            (4.4876, 3.0466,  0.3912, 1.0000)>
CAMERA
Camera.001
<Matrix 4x4 (-0.6859,  0.0000, -0.7277, 0.0000)
            ( 0.3240,  0.8954, -0.3054, 0.0000)
            ( 0.6516, -0.4453, -0.6142, 0.0000)
            (-7.1476,  4.9583,  8.0299, 1.0000)>
MESH
Column2.007
<Matrix 4x4 (-1.0000, 0.0000,  0.0000, 0.0000)
            ( 0.0000, 1.0000,  0.0000, 0.0000)
            (-0.0000, 0.0000, -1.0000, 0.0000)
            ( 2.2095, 0.0000,  5.1138, 1.0000)>
MESH
Column2.006
<Matrix 4x4 (-1.0000, 0.0000,  0.0000, 0.0000)
            ( 0.0000, 1.0000,  0.0000, 0.0000)
            (-0.0000, 0.0000, -1.0000, 0.0000)
            ( 2.2095, 0.0000, 11.0882, 1.0000)>
MESH
Column2.005
<Matrix 4x4 (-1.0000, 0.0000,  0.0000, 0.0000)
            ( 0.0000, 1.0000,  0.0000, 0.0000)
            (-0.0000, 0.0000, -1.0000, 0.0000)
            (-1.7737, 0.0000, 11.0882, 1.0000)>
MESH
Column2.004
<Matrix 4x4 (-1.0000, 0.0000,  0.0000, 0.0000)
            ( 0.0000, 1.0000,  0.0000, 0.0000)
            (-0.0000, 0.0000, -1.0000, 0.0000)
            (-1.8389, 0.0000,  5.1138, 1.0000)>
MESH
Column.007
<Matrix 4x4 (-1.0000, 0.0000,  0.0000, 0.0000)
            ( 0.0000, 1.0000,  0.0000, 0.0000)
            (-0.0000, 0.0000, -1.0000, 0.0000)
            ( 4.8704, 0.0000, 13.8697, 1.0000)>
MESH
Column.005
<Matrix 4x4 (-1.0000, 0.0000,  0.0000, 0.0000)
            ( 0.0000, 1.0000,  0.0000, 0.0000)
            (-0.0000, 0.0000, -1.0000, 0.0000)
            (-4.4853, 0.0000, 13.8600, 1.0000)>
MESH
Floor_BricksSeparate2.001
<Matrix 4x4 (-1.0000, 0.0000,  0.0000, 0.0000)
            ( 0.0000, 1.0000,  0.0000, 0.0000)
            (-0.0000, 0.0000, -1.0000, 0.0000)
            (-2.7205, 0.0454,  2.5149, 1.0000)>
MESH
Floor_BricksSeparate.001
<Matrix 4x4 (-1.0000, 0.0000,  0.0000, 0.0000)
            ( 0.0000, 1.0000,  0.0000, 0.0000)
            (-0.0000, 0.0000, -1.0000, 0.0000)
            ( 3.3711, 0.0000,  3.6104, 1.0000)>
MESH
Floor_Modular.070
<Matrix 4x4 (-1.0000, 0.0000,  0.0000, 0.0000)
            ( 0.0000, 1.0000,  0.0000, 0.0000)
            (-0.0000, 0.0000, -1.0000, 0.0000)
            (-1.7876, 0.0000,  1.1614, 1.0000)>
MESH
Floor_Modular.069
<Matrix 4x4 (-1.0000, 0.0000,  0.0000, 0.0000)
            ( 0.0000, 1.0000,  0.0000, 0.0000)
            (-0.0000, 0.0000, -1.0000, 0.0000)
            ( 0.2113, 0.0000,  3.1446, 1.0000)>
MESH
Floor_Modular.068
<Matrix 4x4 (-1.0000, 0.0000,  0.0000, 0.0000)
            ( 0.0000, 1.0000,  0.0000, 0.0000)
            (-0.0000, 0.0000, -1.0000, 0.0000)
            (-1.7876, 0.0000,  3.1446, 1.0000)>
MESH
Floor_Modular.067
<Matrix 4x4 (-1.0000, 0.0000,  0.0000, 0.0000)
            ( 0.0000, 1.0000,  0.0000, 0.0000)
            (-0.0000, 0.0000, -1.0000, 0.0000)
            ( 4.2096, 0.0000,  1.1614, 1.0000)>
MESH
Floor_Modular.066
<Matrix 4x4 (-1.0000, 0.0000,  0.0000, 0.0000)
            ( 0.0000, 1.0000,  0.0000, 0.0000)
            (-0.0000, 0.0000, -1.0000, 0.0000)
            ( 2.2107, 0.0000,  3.1446, 1.0000)>
MESH
Floor_Modular.065
<Matrix 4x4 (-1.0000, 0.0000,  0.0000, 0.0000)
            ( 0.0000, 1.0000,  0.0000, 0.0000)
            (-0.0000, 0.0000, -1.0000, 0.0000)
            ( 4.2096, 0.0000,  3.1446, 1.0000)>
MESH
Floor_Modular.064
<Matrix 4x4 (-1.0000, 0.0000,  0.0000, 0.0000)
            ( 0.0000, 1.0000,  0.0000, 0.0000)
            (-0.0000, 0.0000, -1.0000, 0.0000)
            ( 2.2107, 0.0000,  1.1614, 1.0000)>
MESH
Floor_Modular.063
<Matrix 4x4 (-1.0000, 0.0000,  0.0000, 0.0000)
            ( 0.0000, 1.0000,  0.0000, 0.0000)
            (-0.0000, 0.0000, -1.0000, 0.0000)
            ( 0.2113, 0.0000,  5.1387, 1.0000)>
MESH
Floor_Modular.062
<Matrix 4x4 (-1.0000, 0.0000,  0.0000, 0.0000)
            ( 0.0000, 1.0000,  0.0000, 0.0000)
            (-0.0000, 0.0000, -1.0000, 0.0000)
            ( 2.2107, 0.0000,  5.1387, 1.0000)>
MESH
Floor_Modular.061
<Matrix 4x4 (-1.0000, 0.0000,  0.0000, 0.0000)
            ( 0.0000, 1.0000,  0.0000, 0.0000)
            (-0.0000, 0.0000, -1.0000, 0.0000)
            ( 4.2096, 0.0000,  7.1219, 1.0000)>
MESH
Floor_Modular.060
<Matrix 4x4 (-1.0000, 0.0000,  0.0000, 0.0000)
            ( 0.0000, 1.0000,  0.0000, 0.0000)
            (-0.0000, 0.0000, -1.0000, 0.0000)
            ( 2.2107, 0.0000,  7.1219, 1.0000)>
MESH
Floor_Modular.059
<Matrix 4x4 (-1.0000, 0.0000,  0.0000, 0.0000)
            ( 0.0000, 1.0000,  0.0000, 0.0000)
            (-0.0000, 0.0000, -1.0000, 0.0000)
            ( 4.2096, 0.0000,  5.1387, 1.0000)>
MESH
Floor_Modular.058
<Matrix 4x4 (-1.0000, 0.0000,  0.0000, 0.0000)
            ( 0.0000, 1.0000,  0.0000, 0.0000)
            (-0.0000, 0.0000, -1.0000, 0.0000)
            (-1.7876, 0.0000,  7.1219, 1.0000)>
MESH
Floor_Modular.057
<Matrix 4x4 (-1.0000, 0.0000,  0.0000, 0.0000)
            ( 0.0000, 1.0000,  0.0000, 0.0000)
            (-0.0000, 0.0000, -1.0000, 0.0000)
            ( 0.2113, 0.0000,  7.1219, 1.0000)>
MESH
Floor_Modular.056
<Matrix 4x4 (-1.0000, 0.0000,  0.0000, 0.0000)
            ( 0.0000, 1.0000,  0.0000, 0.0000)
            (-0.0000, 0.0000, -1.0000, 0.0000)
            (-1.7876, 0.0000,  5.1387, 1.0000)>
MESH
Floor_Modular.055
<Matrix 4x4 (-1.0000, 0.0000,  0.0000, 0.0000)
            ( 0.0000, 1.0000,  0.0000, 0.0000)
            (-0.0000, 0.0000, -1.0000, 0.0000)
            ( 0.2113, 0.0000,  9.1130, 1.0000)>
MESH
Floor_Modular.054
<Matrix 4x4 (-1.0000, 0.0000,  0.0000, 0.0000)
            ( 0.0000, 1.0000,  0.0000, 0.0000)
            (-0.0000, 0.0000, -1.0000, 0.0000)
            (-1.7876, 0.0000, 13.0903, 1.0000)>
MESH
Floor_Modular.053
<Matrix 4x4 (-1.0000, 0.0000,  0.0000, 0.0000)
            ( 0.0000, 1.0000,  0.0000, 0.0000)
            (-0.0000, 0.0000, -1.0000, 0.0000)
            (-3.7875, 0.0000,  9.1130, 1.0000)>
MESH
Floor_Modular.052
<Matrix 4x4 (-1.0000, 0.0000,  0.0000, 0.0000)
            ( 0.0000, 1.0000,  0.0000, 0.0000)
            (-0.0000, 0.0000, -1.0000, 0.0000)
            (-3.7875, 0.0000, 11.0961, 1.0000)>
MESH
Floor_Modular.051
<Matrix 4x4 (-1.0000, 0.0000,  0.0000, 0.0000)
            ( 0.0000, 1.0000,  0.0000, 0.0000)
            (-0.0000, 0.0000, -1.0000, 0.0000)
            ( 4.2096, 0.0000, 13.0903, 1.0000)>
MESH
Floor_Modular.050
<Matrix 4x4 (-1.0000, 0.0000,  0.0000, 0.0000)
            ( 0.0000, 1.0000,  0.0000, 0.0000)
            (-0.0000, 0.0000, -1.0000, 0.0000)
            (-3.7875, 0.0000, 13.0903, 1.0000)>
MESH
Floor_Modular.049
<Matrix 4x4 (-1.0000, 0.0000,  0.0000, 0.0000)
            ( 0.0000, 1.0000,  0.0000, 0.0000)
            (-0.0000, 0.0000, -1.0000, 0.0000)
            (-3.7875, 0.0000,  5.1387, 1.0000)>
MESH
Floor_Modular.048
<Matrix 4x4 (-1.0000, 0.0000,  0.0000, 0.0000)
            ( 0.0000, 1.0000,  0.0000, 0.0000)
            (-0.0000, 0.0000, -1.0000, 0.0000)
            ( 2.2107, 0.0000, 13.0903, 1.0000)>
MESH
Floor_Modular.047
<Matrix 4x4 (-1.0000, 0.0000,  0.0000, 0.0000)
            ( 0.0000, 1.0000,  0.0000, 0.0000)
            (-0.0000, 0.0000, -1.0000, 0.0000)
            ( 0.2113, 0.0000, 13.0903, 1.0000)>
MESH
Floor_Modular.046
<Matrix 4x4 (-1.0000, 0.0000,  0.0000, 0.0000)
            ( 0.0000, 1.0000,  0.0000, 0.0000)
            (-0.0000, 0.0000, -1.0000, 0.0000)
            ( 2.2107, 0.0000,  9.1130, 1.0000)>
MESH
Floor_Modular.045
<Matrix 4x4 (-1.0000, 0.0000,  0.0000, 0.0000)
            ( 0.0000, 1.0000,  0.0000, 0.0000)
            (-0.0000, 0.0000, -1.0000, 0.0000)
            ( 4.2096, 0.0000, 11.0961, 1.0000)>
MESH
Floor_Modular.044
<Matrix 4x4 (-1.0000, 0.0000,  0.0000, 0.0000)
            ( 0.0000, 1.0000,  0.0000, 0.0000)
            (-0.0000, 0.0000, -1.0000, 0.0000)
            ( 2.2107, 0.0000, 11.0961, 1.0000)>
MESH
Floor_Modular.043
<Matrix 4x4 (-1.0000, 0.0000,  0.0000, 0.0000)
            ( 0.0000, 1.0000,  0.0000, 0.0000)
            (-0.0000, 0.0000, -1.0000, 0.0000)
            ( 4.2096, 0.0000,  9.1130, 1.0000)>
MESH
Floor_Modular.042
<Matrix 4x4 (-1.0000, 0.0000,  0.0000, 0.0000)
            ( 0.0000, 1.0000,  0.0000, 0.0000)
            (-0.0000, 0.0000, -1.0000, 0.0000)
            (-1.7876, 0.0000, 11.0961, 1.0000)>
MESH
Floor_Modular.041
<Matrix 4x4 (-1.0000, 0.0000,  0.0000, 0.0000)
            ( 0.0000, 1.0000,  0.0000, 0.0000)
            (-0.0000, 0.0000, -1.0000, 0.0000)
            ( 0.2113, 0.0000, 11.0961, 1.0000)>
MESH
Floor_Modular.040
<Matrix 4x4 (-1.0000, 0.0000,  0.0000, 0.0000)
            ( 0.0000, 1.0000,  0.0000, 0.0000)
            (-0.0000, 0.0000, -1.0000, 0.0000)
            ( 0.2113, 0.0000,  1.1614, 1.0000)>
MESH
Floor_Modular.039
<Matrix 4x4 (-1.0000, 0.0000,  0.0000, 0.0000)
            ( 0.0000, 1.0000,  0.0000, 0.0000)
            (-0.0000, 0.0000, -1.0000, 0.0000)
            (-1.7876, 0.0000,  9.1130, 1.0000)>
MESH
Floor_Modular.038
<Matrix 4x4 (-1.0000, 0.0000,  0.0000, 0.0000)
            ( 0.0000, 1.0000,  0.0000, 0.0000)
            (-0.0000, 0.0000, -1.0000, 0.0000)
            (-3.7875, 0.0000,  7.1219, 1.0000)>
MESH
Floor_Modular.037
<Matrix 4x4 (-1.0000, 0.0000,  0.0000, 0.0000)
            ( 0.0000, 1.0000,  0.0000, 0.0000)
            (-0.0000, 0.0000, -1.0000, 0.0000)
            (-3.7875, 0.0000,  3.1446, 1.0000)>
MESH
Floor_Modular.036
<Matrix 4x4 (-1.0000, 0.0000,  0.0000, 0.0000)
            ( 0.0000, 1.0000,  0.0000, 0.0000)
            (-0.0000, 0.0000, -1.0000, 0.0000)
            (-3.7875, 0.0000,  1.1614, 1.0000)>
LIGHT
Light.001
<Matrix 4x4 ( 0.2909, -0.0552, -0.9552, 0.0000)
            ( 0.7711,  0.6045,  0.1999, 0.0000)
            ( 0.5664, -0.7947,  0.2184, 0.0000)
            (-3.8649,  5.9039,  0.0986, 1.0000)>
MESH
Spikes.001
<Matrix 4x4 (-1.0000, 0.0000,  0.0000, 0.0000)
            ( 0.0000, 1.0000,  0.0000, 0.0000)
            (-0.0000, 0.0000, -1.0000, 0.0000)
            ( 0.2690, 0.0000,  4.9710, 1.0000)>
MESH
Wall_Modular.089
<Matrix 4x4 ( 0.0000, 0.0000, -1.0398, 0.0000)
            (-0.0000, 1.0000, -0.0000, 0.0000)
            ( 1.0000, 0.0000,  0.0000, 0.0000)
            ( 5.0007, 1.0768,  1.8430, 1.0000)>
MESH
Wall_Modular.088
<Matrix 4x4 ( 0.0000, 0.0000, -1.0398, 0.0000)
            (-0.0000, 1.0000, -0.0000, 0.0000)
            ( 1.0000, 0.0000,  0.0000, 0.0000)
            ( 5.0007, 1.0768,  3.9426, 1.0000)>
MESH
Wall_Modular.087
<Matrix 4x4 ( 0.0000, 0.0000, -1.0398, 0.0000)
            (-0.0000, 1.0000, -0.0000, 0.0000)
            ( 1.0000, 0.0000,  0.0000, 0.0000)
            ( 5.0007, 1.0768,  8.1314, 1.0000)>
MESH
Wall_Modular.085
<Matrix 4x4 ( 0.0000, 0.0000, -1.0398, 0.0000)
            (-0.0000, 1.0000, -0.0000, 0.0000)
            ( 1.0000, 0.0000,  0.0000, 0.0000)
            ( 5.0007, 1.0768,  6.0318, 1.0000)>
MESH
Wall_Modular.084
<Matrix 4x4 ( 0.0000, 0.0000, -1.0398, 0.0000)
            (-0.0000, 1.0000, -0.0000, 0.0000)
            ( 1.0000, 0.0000,  0.0000, 0.0000)
            ( 5.0007, 1.0768, 10.2376, 1.0000)>
MESH
Wall_Modular.083
<Matrix 4x4 ( 0.0000, 0.0000, -1.0398, 0.0000)
            (-0.0000, 1.0000, -0.0000, 0.0000)
            ( 1.0000, 0.0000,  0.0000, 0.0000)
            ( 5.0007, 1.0768, 12.3372, 1.0000)>
MESH
Wall_Modular.082
<Matrix 4x4 ( 0.0000, 0.0000, -0.5954, 0.0000)
            (-0.0000, 1.0000, -0.0000, 0.0000)
            ( 1.0000, 0.0000,  0.0000, 0.0000)
            ( 5.0007, 1.0768, 13.9857, 1.0000)>
MESH
Wall_Modular.081
<Matrix 4x4 ( 1.0984, 0.0000, -0.0000, 0.0000)
            (-0.0000, 1.0000, -0.0000, 0.0000)
            ( 0.0000, 0.0000,  1.0000, 0.0000)
            ( 4.2622, 1.0768, 13.8967, 1.0000)>
MESH
Wall_Modular.080
<Matrix 4x4 ( 1.0984, 0.0000, -0.0000, 0.0000)
            (-0.0000, 1.0000, -0.0000, 0.0000)
            ( 0.0000, 0.0000,  1.0000, 0.0000)
            ( 2.0869, 1.0768, 13.8967, 1.0000)>
MESH
Wall_Modular.079
<Matrix 4x4 ( 1.0984, 0.0000, -0.0000, 0.0000)
            (-0.0000, 1.0000, -0.0000, 0.0000)
            ( 0.0000, 0.0000,  1.0000, 0.0000)
            (-2.1717, 1.0768, 13.8967, 1.0000)>
MESH
Wall_Modular.078
<Matrix 4x4 ( 1.0984, 0.0000, -0.0000, 0.0000)
            (-0.0000, 1.0000, -0.0000, 0.0000)
            ( 0.0000, 0.0000,  1.0000, 0.0000)
            ( 0.0036, 1.0768, 13.8967, 1.0000)>
MESH
Wall_Modular.077
<Matrix 4x4 ( 1.0984, 0.0000, -0.0000, 0.0000)
            (-0.0000, 1.0000, -0.0000, 0.0000)
            ( 0.0000, 0.0000,  1.0000, 0.0000)
            (-4.3079, 1.0768, 13.8967, 1.0000)>
MESH
Wall_Modular.076
<Matrix 4x4 ( 0.0000, 0.0000,  1.0281, 0.0000)
            ( 0.0000, 1.0000, -0.0000, 0.0000)
            (-1.0000, 0.0000,  0.0000, 0.0000)
            (-4.6683, 1.0768, 13.1405, 1.0000)>
MESH
Wall_Modular.075
<Matrix 4x4 ( 0.0000, 0.0000,  1.0281, 0.0000)
            ( 0.0000, 1.0000, -0.0000, 0.0000)
            (-1.0000, 0.0000,  0.0000, 0.0000)
            (-4.6683, 1.0768, 11.1184, 1.0000)>
MESH
Wall_Modular.074
<Matrix 4x4 ( 0.0000, 0.0000,  1.0281, 0.0000)
            ( 0.0000, 1.0000, -0.0000, 0.0000)
            (-1.0000, 0.0000,  0.0000, 0.0000)
            (-4.6683, 1.0768,  7.0618, 1.0000)>
MESH
Wall_Modular.073
<Matrix 4x4 ( 0.0000, 0.0000,  1.0281, 0.0000)
            ( 0.0000, 1.0000, -0.0000, 0.0000)
            (-1.0000, 0.0000,  0.0000, 0.0000)
            (-4.6683, 1.0768,  9.0839, 1.0000)>
MESH
Wall_Modular.072
<Matrix 4x4 ( 0.0000, 0.0000,  1.0281, 0.0000)
            ( 0.0000, 1.0000, -0.0000, 0.0000)
            (-1.0000, 0.0000,  0.0000, 0.0000)
            (-4.6683, 1.0768,  5.0349, 1.0000)>
MESH
Wall_Modular.071
<Matrix 4x4 ( 0.0000, 0.0000,  1.0281, 0.0000)
            ( 0.0000, 1.0000, -0.0000, 0.0000)
            (-1.0000, 0.0000,  0.0000, 0.0000)
            (-4.6683, 1.0768,  3.0128, 1.0000)>
MESH
Wall_Modular.070
<Matrix 4x4 ( 0.0000, 0.0000,  0.7060, 0.0000)
            ( 0.0000, 1.0000, -0.0000, 0.0000)
            (-1.0000, 0.0000,  0.0000, 0.0000)
            (-4.6683, 1.0768,  1.2939, 1.0000)>
MESH
Wall_Modular.065
<Matrix 4x4 ( 0.0000, 0.0000,  1.0281, 0.0000)
            ( 0.0000, 1.0000, -0.0000, 0.0000)
            (-1.0000, 0.0000,  0.0000, 0.0000)
            (-4.6683, 3.0466,  3.0128, 1.0000)>
MESH
Wall_Modular.064
<Matrix 4x4 ( 0.0000, 0.0000,  1.0281, 0.0000)
            ( 0.0000, 1.0000, -0.0000, 0.0000)
            (-1.0000, 0.0000,  0.0000, 0.0000)
            (-4.6683, 3.0466,  5.0349, 1.0000)>
MESH
Wall_Modular.063
<Matrix 4x4 ( 0.0000, 0.0000,  1.0281, 0.0000)
            ( 0.0000, 1.0000, -0.0000, 0.0000)
            (-1.0000, 0.0000,  0.0000, 0.0000)
            (-4.6683, 3.0466,  9.0839, 1.0000)>
MESH
Wall_Modular.062
<Matrix 4x4 ( 0.0000, 0.0000,  1.0281, 0.0000)
            ( 0.0000, 1.0000, -0.0000, 0.0000)
            (-1.0000, 0.0000,  0.0000, 0.0000)
            (-4.6683, 3.0466,  7.0618, 1.0000)>
MESH
Wall_Modular.061
<Matrix 4x4 ( 0.0000, 0.0000,  1.0281, 0.0000)
            ( 0.0000, 1.0000, -0.0000, 0.0000)
            (-1.0000, 0.0000,  0.0000, 0.0000)
            (-4.6683, 3.0466, 11.1184, 1.0000)>
MESH
Wall_Modular.060
<Matrix 4x4 ( 0.0000, 0.0000,  1.0281, 0.0000)
            ( 0.0000, 1.0000, -0.0000, 0.0000)
            (-1.0000, 0.0000,  0.0000, 0.0000)
            (-4.6683, 3.0466, 13.1405, 1.0000)>
MESH
Wall_Modular.059
<Matrix 4x4 ( 1.0984, 0.0000, -0.0000, 0.0000)
            (-0.0000, 1.0000, -0.0000, 0.0000)
            ( 0.0000, 0.0000,  1.0000, 0.0000)
            (-4.3079, 3.0466, 13.8967, 1.0000)>
MESH
Wall_Modular.058
<Matrix 4x4 ( 1.0984, 0.0000, -0.0000, 0.0000)
            (-0.0000, 1.0000, -0.0000, 0.0000)
            ( 0.0000, 0.0000,  1.0000, 0.0000)
            ( 0.0036, 3.0466, 13.8967, 1.0000)>
MESH
Wall_Modular.057
<Matrix 4x4 ( 1.0984, 0.0000, -0.0000, 0.0000)
            (-0.0000, 1.0000, -0.0000, 0.0000)
            ( 0.0000, 0.0000,  1.0000, 0.0000)
            (-2.1717, 3.0466, 13.8967, 1.0000)>
MESH
Wall_Modular.056
<Matrix 4x4 ( 1.0984, 0.0000, -0.0000, 0.0000)
            (-0.0000, 1.0000, -0.0000, 0.0000)
            ( 0.0000, 0.0000,  1.0000, 0.0000)
            ( 2.0869, 3.0466, 13.8967, 1.0000)>
MESH
Wall_Modular.055
<Matrix 4x4 ( 1.0984, 0.0000, -0.0000, 0.0000)
            (-0.0000, 1.0000, -0.0000, 0.0000)
            ( 0.0000, 0.0000,  1.0000, 0.0000)
            ( 4.2622, 3.0466, 13.8967, 1.0000)>
MESH
Wall_Modular.054
<Matrix 4x4 ( 0.0000, 0.0000, -0.5954, 0.0000)
            (-0.0000, 1.0000, -0.0000, 0.0000)
            ( 1.0000, 0.0000,  0.0000, 0.0000)
            ( 5.0007, 3.0466, 13.9857, 1.0000)>
MESH
Wall_Modular.053
<Matrix 4x4 ( 0.0000, 0.0000, -1.0398, 0.0000)
            (-0.0000, 1.0000, -0.0000, 0.0000)
            ( 1.0000, 0.0000,  0.0000, 0.0000)
            ( 5.0007, 3.0466, 12.3372, 1.0000)>
MESH
Wall_Modular.052
<Matrix 4x4 ( 0.0000, 0.0000, -1.0398, 0.0000)
            (-0.0000, 1.0000, -0.0000, 0.0000)
            ( 1.0000, 0.0000,  0.0000, 0.0000)
            ( 5.0007, 3.0466, 10.2376, 1.0000)>
MESH
Wall_Modular.051
<Matrix 4x4 ( 0.0000, 0.0000, -1.0398, 0.0000)
            (-0.0000, 1.0000, -0.0000, 0.0000)
            ( 1.0000, 0.0000,  0.0000, 0.0000)
            ( 5.0007, 3.0466,  6.0318, 1.0000)>
MESH
Wall_Modular.049
<Matrix 4x4 ( 0.0000, 0.0000, -1.0398, 0.0000)
            (-0.0000, 1.0000, -0.0000, 0.0000)
            ( 1.0000, 0.0000,  0.0000, 0.0000)
            ( 5.0007, 3.0466,  8.1314, 1.0000)>
MESH
Wall_Modular.048
<Matrix 4x4 ( 0.0000, 0.0000, -1.0398, 0.0000)
            (-0.0000, 1.0000, -0.0000, 0.0000)
            ( 1.0000, 0.0000,  0.0000, 0.0000)
            ( 5.0007, 3.0466,  3.9426, 1.0000)>
MESH
Wall_Modular.047
<Matrix 4x4 ( 0.0000, 0.0000, -1.0398, 0.0000)
            (-0.0000, 1.0000, -0.0000, 0.0000)
            ( 1.0000, 0.0000,  0.0000, 0.0000)
            ( 5.0007, 3.0466,  1.8430, 1.0000)>
MESH
Wall_Modular.091
<Matrix 4x4 ( 0.0000, 0.0000, -0.7140, 0.0000)
            (-0.0000, 1.0000, -0.0000, 0.0000)
            ( 1.0000, 0.0000,  0.0000, 0.0000)
            ( 4.8796, 3.0414, -0.2305, 1.0000)>
MESH
Wall_Modular.092
<Matrix 4x4 ( 0.0000, 0.0000,  0.7060, 0.0000)
            ( 0.0000, 1.0000, -0.0000, 0.0000)
            (-1.0000, 0.0000,  0.0000, 0.0000)
            (-4.6683, 3.0225,  1.2939, 1.0000)>
MESH
Torch.018
<Matrix 4x4 (-1.0000, 0.0000, -0.0000, 0.0000)
            (-0.0000, 1.0000,  0.0000, 0.0000)
            ( 0.0000, 0.0000, -1.0000, 0.0000)
            ( 1.5211, 1.1506,  0.7935, 1.0000)>
MESH
Torch.001
<Matrix 4x4 (-1.0000, 0.0000, -0.0000, 0.0000)
            (-0.0000, 1.0000,  0.0000, 0.0000)
            ( 0.0000, 0.0000, -1.0000, 0.0000)
            (-1.6133, 1.1506,  0.7935, 1.0000)>
MESH
Arch_bars.048
<Matrix 4x4 (1.0000, 0.0000,  0.0000, 0.0000)
            (0.0000, 1.0000, -0.0000, 0.0000)
            (0.0000, 0.0000,  1.0000, 0.0000)
            (0.0000, 0.0000,  0.2941, 1.0000)>
MESH
Chest_Base
<Matrix 4x4 (-1.0000, 0.0000,  0.0000, 0.0000)
            ( 0.0000, 1.0000,  0.0000, 0.0000)
            (-0.0000, 0.0000, -1.0000, 0.0000)
            ( 0.0000, 0.1197, -9.7476, 1.0000)>
MESH
Chest_Top.007
<Matrix 4x4 (-1.0000, 0.0000,  0.0000, 0.0000)
            ( 0.0000, 1.0000,  0.0000, 0.0000)
            (-0.0000, 0.0000, -1.0000, 0.0000)
            ( 0.0000, 0.1197, -9.7476, 1.0000)>
MESH
Barrel.015
<Matrix 4x4 ( 1.0000, 0.0000,  0.0000, 0.0000)
            ( 0.0000, 1.0000, -0.0000, 0.0000)
            ( 0.0000, 0.0000,  1.0000, 0.0000)
            (-3.3151, 0.0000, -6.4745, 1.0000)>
MESH
Barrel.001
<Matrix 4x4 ( 1.0000, 0.0000,  0.0000, 0.0000)
            ( 0.0000, 1.0000, -0.0000, 0.0000)
            ( 0.0000, 0.0000,  1.0000, 0.0000)
            (-3.3151, 0.0000, -7.6715, 1.0000)>
MESH
Barrel.002
<Matrix 4x4 ( 1.0000, 0.0000,  0.0000, 0.0000)
            ( 0.0000, 1.0000, -0.0000, 0.0000)
            ( 0.0000, 0.0000,  1.0000, 0.0000)
            (-2.2275, 0.0000, -6.9729, 1.0000)>
MESH
Torch.003
<Matrix 4x4 (1.0000, 0.0000,  0.0000, 0.0000)
            (0.0000, 1.0000, -0.0000, 0.0000)
            (0.0000, 0.0000,  1.0000, 0.0000)
            (1.5211, 1.1506, -0.2856, 1.0000)>
MESH
Torch.002
<Matrix 4x4 ( 1.0000, 0.0000,  0.0000, 0.0000)
            ( 0.0000, 1.0000, -0.0000, 0.0000)
            ( 0.0000, 0.0000,  1.0000, 0.0000)
            (-1.6133, 1.1506, -0.2856, 1.0000)>
MESH
WoodFire.009
<Matrix 4x4 (1.0000, 0.0000,  0.0000, 0.0000)
            (0.0000, 1.0000, -0.0000, 0.0000)
            (0.0000, 0.0000,  1.0000, 0.0000)
            (0.1312, 0.0000, 11.0162, 1.0000)>
MESH
Banner_wall.010
<Matrix 4x4 (1.0000, 0.0000,  0.0000, 0.0000)
            (0.0000, 1.0000, -0.0000, 0.0000)
            (0.0000, 0.0000,  1.0000, 0.0000)
            (3.1658, 2.6764,  0.7545, 1.0000)>
MESH
Banner_wall.001
<Matrix 4x4 ( 1.0000, 0.0000,  0.0000, 0.0000)
            ( 0.0000, 1.0000, -0.0000, 0.0000)
            ( 0.0000, 0.0000,  1.0000, 0.0000)
            (-2.8512, 2.6764,  0.7545, 1.0000)>
MESH
Table_Small.012
<Matrix 4x4 (1.0000, 0.0000,  0.0000, 0.0000)
            (0.0000, 1.0000, -0.0000, 0.0000)
            (0.0000, 0.0000,  1.0000, 0.0000)
            (4.1790, 0.1227,  8.0365, 1.0000)>
MESH
Sword_WallMount.002
<Matrix 4x4 ( 0.0000, 0.0000, -1.0000, 0.0000)
            (-0.0000, 1.0000, -0.0000, 0.0000)
            ( 1.0000, 0.0000,  0.0000, 0.0000)
            ( 4.6742, 2.2178, -5.0853, 1.0000)>
MESH
Sword.005
<Matrix 4x4 ( 0.0000, 0.0000, -1.0000, 0.0000)
            (-0.0000, 1.0000, -0.0000, 0.0000)
            ( 1.0000, 0.0000,  0.0000, 0.0000)
            ( 4.6742, 2.2178, -5.0853, 1.0000)>
MESH
Sword_big.009
<Matrix 4x4 ( 0.0000, 0.0000, -1.0000, 0.0000)
            (-0.0000, 1.0000, -0.0000, 0.0000)
            ( 1.0000, 0.0000,  0.0000, 0.0000)
            ( 4.6742, 2.2178, -5.0853, 1.0000)>
MESH
Sword_big.001
<Matrix 4x4 ( 0.0000, 0.0000, -1.0000, 0.0000)
            (-0.0000, 1.0000, -0.0000, 0.0000)
            ( 1.0000, 0.0000,  0.0000, 0.0000)
            ( 4.6742, 2.2178, -6.0500, 1.0000)>
MESH
Sword.001
<Matrix 4x4 ( 0.0000, 0.0000, -1.0000, 0.0000)
            (-0.0000, 1.0000, -0.0000, 0.0000)
            ( 1.0000, 0.0000,  0.0000, 0.0000)
            ( 4.6742, 2.2178, -6.0500, 1.0000)>
MESH
Sword_WallMount.001
<Matrix 4x4 ( 0.0000, 0.0000, -1.0000, 0.0000)
            (-0.0000, 1.0000, -0.0000, 0.0000)
            ( 1.0000, 0.0000,  0.0000, 0.0000)
            ( 4.6742, 2.2178, -6.0500, 1.0000)>
MESH
Column2.002
<Matrix 4x4 (-1.0000, 0.0000,  0.0000, 0.0000)
            ( 0.0000, 1.0000,  0.0000, 0.0000)
            (-0.0000, 0.0000, -1.0000, 0.0000)
            (-1.8389, 0.0000, -4.0043, 1.0000)>
MESH
Column2.001
<Matrix 4x4 (-1.0000, 0.0000,  0.0000, 0.0000)
            ( 0.0000, 1.0000,  0.0000, 0.0000)
            (-0.0000, 0.0000, -1.0000, 0.0000)
            ( 2.2095, 0.0000, -4.0043, 1.0000)>
